timestamp,time,x,y,z
1970-01-08 10:00:36.786,210013433924,-2.393004655838,3.855861902237,8.573636054993,3
1970-01-08 10:00:36.923,210084117096,-2.404975652695,4.094084739685,8.717288017273,3
1970-01-08 10:00:37.002,210128313247,-2.377442359924,3.989937067032,8.534132003784,3
1970-01-08 10:00:37.056,210170195855,-2.651578426361,4.309563159943,8.689755439758,3
1970-01-08 10:00:37.104,210210393320,-2.642001628876,4.283226966858,8.999804496765,3
1970-01-08 10:00:37.143,210249715763,-2.377442359924,4.243722438812,8.978256225586,3
1970-01-08 10:00:37.181,210289905494,-2.19668006897,4.189853191376,8.71249961853,3
1970-01-08 10:00:37.216,210330700428,-1.606509327888,3.800795316696,8.71249961853,3
1970-01-08 10:00:37.248,210371842087,-1.821987509727,3.847482204437,8.82502746582,3
1970-01-08 10:00:37.278,210412100135,-1.230619668961,3.090914487839,7.952341079712,3
1970-01-08 10:00:37.312,210447645078,-2.371456861496,4.973954200745,9.951498985291,3
1970-01-08 10:00:37.345,210487934358,-2.249352455139,6.108805656433,9.053673744202,3
1970-01-08 10:00:37.369,210531575679,3.469198226929,1.768117904663,14.217967033386,3
1970-01-08 10:00:37.391,210571833727,12.964602470398,1.634042620659,26.264392852783,3
1970-01-08 10:00:37.424,210609572496,1.460463047028,-5.078101634979,13.086706161499,3
1970-01-08 10:00:37.446,210649954288,-4.827907562256,-3.083731889725,0.57819968462,3
1970-01-08 10:00:37.488,210693728564,-4.850652694702,4.563348293304,-22.251710891724,3
1970-01-08 10:00:37.562,210734758032,-5.349843502045,2.147598981857,-18.514362335205,3
1970-01-08 10:00:37.602,210775139824,-2.076969861984,-9.242815971375,-1.55623114109,3
1970-01-08 10:00:37.638,210815389279,-4.892550945282,-11.66455078125,22.853853225708,3
1970-01-08 10:00:37.668,210855795562,4.557363033295,0.058657940477,38.91296005249,3
1970-01-08 10:00:37.703,210896295907,3.573346138,-13.85524559021,15.938200950623,3
1970-01-08 10:00:37.724,210936703479,-4.074931144714,-3.241749048233,-5.349843502045,3
1970-01-08 10:00:37.774,210975231423,-4.182670593262,5.026626586914,-16.591817855835,3
1970-01-08 10:00:37.845,211018368156,-2.258929252625,4.977545261383,-18.905813217163,3
1970-01-08 10:00:37.878,211058775728,-1.408987641335,-1.295263171196,-9.003395080566,3
1970-01-08 10:00:37.922,211098279539,-4.131195068359,-8.15106010437,-0.071826048195,3
1970-01-08 10:00:37.948,211138683244,-9.563638687134,-14.087482452393,24.12158203125,3
1970-01-08 10:00:37.986,211177718014,-0.889445960522,-3.556586742401,36.38468170166,3
1970-01-08 10:00:38.011,211218126875,1.50116443634,-5.93043756485,15.581464767456,3
1970-01-08 10:00:38.057,211259957430,-3.446453332901,1.235408067703,9.400833129883,3
1970-01-08 10:00:38.128,211300754906,-1.470039844513,4.244919776917,5.166687488556,3
1970-01-08 10:00:38.152,211341163767,-0.991199493408,3.93247628212,2.25174665451,3
1970-01-08 10:00:38.200,211381325205,2.652775526047,4.687847137451,-2.051830768585,3
1970-01-08 10:00:38.223,211421734066,8.944737434387,2.256535053253,0.954089403152,3
1970-01-08 10:00:38.270,211461794426,22.501905441284,1.397016644478,9.34935760498,3
1970-01-08 10:00:38.288,211502203287,22.541408538818,0.013168109581,19.894618988037,3
1970-01-08 10:00:38.340,211543032997,18.289306640625,-3.503914117813,19.32839012146,3
1970-01-08 10:00:38.411,211584302680,16.674417495728,-5.278017520905,5.619191169739,3
1970-01-08 10:00:38.433,211624715408,6.406883716583,-6.233304023743,-4.955997467041,3
1970-01-08 10:00:38.483,211664320779,-4.11443567276,-3.827131509781,-15.289372444153,3
1970-01-08 10:00:38.504,211704742530,-13.788208007812,0.661996781826,-19.112911224365,3
1970-01-08 10:00:38.554,211744799416,-11.285069465637,2.404975652695,-10.971428871155,3
1970-01-08 10:00:38.580,211785212144,-6.665457725525,3.12084197998,-0.183156430721,3
1970-01-08 10:00:38.624,211825902579,-10.611102104187,3.890577793121,1.052251696587,3
1970-01-08 10:00:38.696,211867153650,-12.459425926208,6.315904140472,8.407238960266,3
1970-01-08 10:00:38.720,211907575401,3.758896589279,5.523423194885,3.676296710968,3
1970-01-08 10:00:38.775,211946379311,7.262810707092,6.145915985107,1.424550056458,3
1970-01-08 10:00:38.802,211986801062,7.028179168701,4.301183223724,-2.074575662613,3
1970-01-08 10:00:38.839,212027345744,11.477803230286,6.884527206421,-5.863399982452,3
1970-01-08 10:00:38.866,212067767495,12.679692268372,6.417657852173,-3.292027235031,3
1970-01-08 10:00:38.909,212108547724,9.39604473114,4.066551685333,-5.458779811859,3
1970-01-08 10:00:38.980,212150015852,9.357737541199,5.445611953735,-10.907982826233,3
1970-01-08 10:00:39.003,212190428580,7.890091896057,0.681150376797,-11.737573623657,3
1970-01-08 10:00:39.050,212229673698,-4.480748653412,-4.452018260956,-12.928689002991,3
1970-01-08 10:00:39.071,212270086426,-12.075156211853,1.487996339798,-10.008959770203,3
1970-01-08 10:00:39.122,212310817754,-8.655038833618,-0.899022758007,-0.943315446377,3
1970-01-08 10:00:39.144,212351196968,-7.399280548096,-3.041833162308,10.545261383057,3
1970-01-08 10:00:39.192,212391680243,-10.487800598145,-2.840720415115,7.728483200073,3
1970-01-08 10:00:39.263,212432784722,-9.560047149658,-3.922899484634,10.730812072754,3
1970-01-08 10:00:39.284,212473162647,-9.309853553772,-4.256890773773,19.904195785522,3
1970-01-08 10:00:39.334,212512910159,-1.571793437004,-1.376665949821,22.963985443115,3
1970-01-08 10:00:39.354,212553322887,2.297236442566,-4.242525577545,24.535779953003,3
1970-01-08 10:00:39.405,212593685515,-0.362721562386,-6.083666324615,12.556390762329,3
1970-01-08 10:00:39.426,212634064729,0.365115761757,-1.392228245735,-0.876277804375,3
1970-01-08 10:00:39.476,212674451264,-0.433350503445,4.897339344025,-3.640383720398,3
1970-01-08 10:00:39.547,212715965937,0.703895270824,4.361038208008,-7.71052646637,3
1970-01-08 10:00:39.567,212756390266,-0.296881020069,5.137956619263,-9.344569206238,3
1970-01-08 10:00:39.618,212795469239,0.749385118484,5.837063789368,-10.741585731506,3
1970-01-08 10:00:39.638,212835894857,1.400607943535,5.450400352478,-9.137471199036,3
1970-01-08 10:00:39.689,212876513561,-0.881066203117,4.074931144714,-9.770736694336,3
1970-01-08 10:00:39.708,212916939179,-3.754108190536,-0.553060591221,-7.264008045197,3
1970-01-08 10:00:39.760,212957302085,-7.437587738037,-5.510255336761,5.154716491699,3
1970-01-08 10:00:39.831,212998019756,-12.623428344727,-3.892971992493,23.269247055054,3
1970-01-08 10:00:39.850,213038445374,-3.709815502167,-0.080205753446,19.862297058105,3
1970-01-08 10:00:39.902,213075176841,1.218648672104,1.787271618843,16.190788269043,3
1970-01-08 10:00:39.920,213115602459,-1.82677590847,2.279279947281,10.031704902649,3
1970-01-08 10:00:39.974,213158319718,-5.409698963165,2.917334794998,5.963956356049,3
1970-01-08 10:00:39.996,213198745336,-7.449558734894,0.979228496552,15.011644363403,3
1970-01-08 10:00:40.044,213239395065,-5.0194439888,1.171961784363,11.413159370422,3
1970-01-08 10:00:40.061,213279790609,-3.118447780609,2.322375535965,4.444835662842,3
1970-01-08 10:00:40.114,213320866512,-4.410119533539,2.782062292099,5.999869346619,3
1970-01-08 10:00:40.186,213361007125,-1.760935306549,2.931699991226,6.3302693367,3
1970-01-08 10:00:40.205,213401405674,-1.626860022545,2.823961019516,11.530475616455,3
1970-01-08 10:00:40.257,213442354148,0.641646027565,2.869450807571,10.708066940308,3
1970-01-08 10:00:40.275,213482752697,0.984016895294,5.128379821777,5.936423301697,3
1970-01-08 10:00:40.328,213523119395,4.660313606262,4.824316501617,6.288370609283,3
1970-01-08 10:00:40.348,213563519233,3.34709405899,4.217386245728,8.68736076355,3
1970-01-08 10:00:40.398,213603999108,-1.669955730438,4.177882194519,11.049241065979,3
1970-01-08 10:00:40.470,213642905976,0.252588272095,3.91571688652,8.585607528687,3
1970-01-08 10:00:40.486,213683304525,0.391451984644,3.677493810654,8.898050308228,3
1970-01-08 10:00:40.541,213725137252,0.571017086506,2.917334794998,10.535684585571,3
1970-01-08 10:00:40.563,213765535801,0.135272398591,2.357091665268,11.356895446777,3
1970-01-08 10:00:40.612,213806015069,1.151610970497,4.179079055786,8.421604156494,3
1970-01-08 10:00:40.629,213846414907,0.739808320999,3.490746021271,6.136339187622,3
1970-01-08 10:00:40.682,213886941042,0.015562310815,5.505466938019,9.384073257446,3
1970-01-08 10:00:40.754,213928248622,-0.549469292164,5.52462053299,8.310274124146,3
1970-01-08 10:00:40.772,213968636438,0.483628749847,4.961983203888,9.684545516968,3
1970-01-08 10:00:40.825,214008111036,-0.271741896868,4.817133903503,8.971074104309,3
1970-01-08 10:00:40.843,214048498852,0.301669418812,4.623203277588,8.528146743774,3
1970-01-08 10:00:40.896,214088910097,0.258573770523,4.681861400604,8.452729225159,3
1970-01-08 10:00:40.913,214129360627,-0.040701430291,4.795586109161,8.301894187927,3
1970-01-08 10:00:40.966,214169736486,0.661996781826,4.252102375031,8.817844390869,3
1970-01-08 10:00:41.054,214210603833,0.092176765203,4.671087741852,8.79988861084,3
1970-01-08 10:00:41.078,214251024295,-0.00119710085,4.44244146347,9.208099365234,3
