timestamp,time,x,y,z
2023-12-17 11:43:59.607,54980811704,105.38134765625,4.64697265625,230.69970703125,0
2023-12-17 11:43:59.983,55051655625,106.73046875,2.998046875,229.3505859375,0
2023-12-17 11:44:00.224,55094368976,107.47998046875,4.796875,231.44921875,0
2023-12-17 11:44:00.398,55133879997,106.28076171875,3.59765625,232.19873046875,0
2023-12-17 11:44:00.536,55174203317,106.88037109375,3.8974609375,230.99951171875,0
2023-12-17 11:44:00.677,55214928885,106.28076171875,3.8974609375,231.1494140625,0
2023-12-17 11:44:00.946,55255256081,106.73046875,2.998046875,231.44921875,0
2023-12-17 11:44:01.197,55295301033,105.8310546875,2.84814453125,229.50048828125,0
2023-12-17 11:44:01.390,55335623061,106.88037109375,4.4970703125,232.048828125,0
2023-12-17 11:44:01.578,55376628452,106.58056640625,3.8974609375,230.849609375,0
2023-12-17 11:44:01.754,55417921022,105.98095703125,5.0966796875,229.9501953125,0
2023-12-17 11:44:01.948,55458218502,105.98095703125,2.84814453125,231.1494140625,0
2023-12-17 11:44:02.104,55497282546,105.98095703125,3.8974609375,230.69970703125,0
2023-12-17 11:44:02.261,55537580026,106.58056640625,4.197265625,232.3486328125,0
2023-12-17 11:44:02.404,55577050582,106.28076171875,3.44775390625,230.25,0
2023-12-17 11:44:02.555,55617345478,106.58056640625,3.2978515625,230.5498046875,0
2023-12-17 11:44:02.732,55659592329,106.58056640625,4.197265625,229.9501953125,0
2023-12-17 11:44:02.871,55700840175,106.28076171875,2.0986328125,229.80029296875,0
2023-12-17 11:44:03.027,55741135071,105.98095703125,4.4970703125,230.25,0
2023-12-17 11:44:03.169,55780634410,105.98095703125,2.3984375,229.9501953125,0
2023-12-17 11:44:03.299,55820929306,105.08154296875,4.34716796875,229.650390625,0
2023-12-17 11:44:03.447,55861516297,105.08154296875,5.0966796875,229.9501953125,0
2023-12-17 11:44:03.584,55901813777,104.48193359375,5.24658203125,230.69970703125,0
2023-12-17 11:44:03.722,55942386071,104.48193359375,3.8974609375,229.9501953125,0
2023-12-17 11:44:03.885,55982444732,104.48193359375,3.8974609375,229.9501953125,0
2023-12-17 11:44:04.036,56022830068,103.58251953125,4.796875,229.9501953125,0
2023-12-17 11:44:04.201,56063472970,104.18212890625,4.04736328125,230.849609375,0
2023-12-17 11:44:04.372,56103864766,103.4326171875,5.99609375,227.8515625,0
2023-12-17 11:44:04.502,56123739449,103.28271484375,6.2958984375,228.451171875,0
2023-12-17 11:44:04.630,56164162508,101.6337890625,7.4951171875,229.20068359375,0
2023-12-17 11:44:04.750,56225071277,101.48388671875,5.6962890625,227.5517578125,0
2023-12-17 11:44:04.873,56259457841,101.78369140625,5.6962890625,226.65234375,0
2023-12-17 11:44:05.021,56299787390,102.08349609375,7.4951171875,226.80224609375,0
2023-12-17 11:44:05.163,56346284779,102.38330078125,6.14599609375,227.5517578125,0
2023-12-17 11:44:05.270,56386664677,102.68310546875,6.8955078125,227.10205078125,0
2023-12-17 11:44:05.374,56426993502,102.68310546875,7.1953125,226.9521484375,0
2023-12-17 11:44:05.475,56467391758,100.88427734375,6.44580078125,226.20263671875,0
2023-12-17 11:44:05.581,56508025991,101.48388671875,4.04736328125,226.50244140625,0
2023-12-17 11:44:05.723,56549247921,101.18408203125,4.197265625,224.5537109375,0
2023-12-17 11:44:05.814,56589655221,100.58447265625,5.0966796875,225.453125,0
2023-12-17 11:44:05.941,56624923472,100.28466796875,4.796875,225.00341796875,0
2023-12-17 11:44:06.036,56665321728,101.0341796875,4.4970703125,225.1533203125,0
2023-12-17 11:44:06.135,56709984198,101.78369140625,4.197265625,225.7529296875,0
2023-12-17 11:44:06.220,56750360223,101.6337890625,4.94677734375,225.60302734375,0
2023-12-17 11:44:06.317,56790828687,102.08349609375,5.54638671875,224.25390625,0
2023-12-17 11:44:06.417,56832108585,102.08349609375,4.4970703125,225.453125,0
2023-12-17 11:44:06.491,56872489774,101.18408203125,5.396484375,225.1533203125,0
2023-12-17 11:44:06.736,56911631320,101.18408203125,4.197265625,225.00341796875,0
2023-12-17 11:44:06.821,56952007345,101.6337890625,5.99609375,224.25390625,0
2023-12-17 11:44:06.903,56989760875,100.4345703125,4.34716796875,222.7548828125,0
2023-12-17 11:44:06.985,57030168175,100.28466796875,5.54638671875,222.90478515625,0
2023-12-17 11:44:07.068,57070765646,100.734375,3.8974609375,221.5556640625,0
2023-12-17 11:44:07.134,57111178114,99.53515625,4.4970703125,221.70556640625,0
2023-12-17 11:44:07.213,57154453889,100.4345703125,4.197265625,220.9560546875,0
2023-12-17 11:44:07.291,57191891917,99.68505859375,3.8974609375,220.20654296875,0
2023-12-17 11:44:07.422,57232309553,101.0341796875,4.796875,219.1572265625,0
2023-12-17 11:44:07.474,57275623681,99.08544921875,4.796875,218.5576171875,0
2023-12-17 11:44:07.574,57316041317,99.08544921875,4.796875,218.5576171875,0
2023-12-17 11:44:07.649,57352340488,96.38720703125,4.34716796875,218.2578125,0
2023-12-17 11:44:07.701,57392709028,97.88623046875,4.796875,218.2578125,0
2023-12-17 11:44:07.772,57436519863,98.935546875,4.796875,217.9580078125,0
2023-12-17 11:44:07.832,57478553003,99.38525390625,3.44775390625,218.5576171875,0
2023-12-17 11:44:07.898,57518970639,97.28662109375,3.59765625,215.70947265625,0
2023-12-17 11:44:07.991,57557961720,97.736328125,2.54833984375,215.70947265625,0
2023-12-17 11:44:08.043,57598330260,97.88623046875,1.34912109375,214.9599609375,0
2023-12-17 11:44:08.105,57638807853,99.8349609375,2.998046875,214.21044921875,0
2023-12-17 11:44:08.211,57679176393,99.08544921875,2.0986328125,214.9599609375,0
2023-12-17 11:44:08.261,57717950046,99.68505859375,1.19921875,216.00927734375,0
2023-12-17 11:44:08.305,57760240249,98.0361328125,0.8994140625,214.060546875,0
2023-12-17 11:44:08.358,57800657885,98.48583984375,0,215.859375,0
2023-12-17 11:44:08.434,57841344866,97.88623046875,0.14990234375,214.81005859375,0
2023-12-17 11:44:08.498,57881762502,97.4365234375,-0.8994140625,214.060546875,0
2023-12-17 11:44:08.545,57922210093,99.53515625,-1.64892578125,213.7607421875,0
2023-12-17 11:44:08.654,57962557961,96.98681640625,0.2998046875,213.91064453125,0
2023-12-17 11:44:08.705,58002886950,96.537109375,-0.8994140625,213.31103515625,0
2023-12-17 11:44:08.753,58041540910,96.537109375,-0.599609375,212.26171875,0
2023-12-17 11:44:08.801,58081998598,97.28662109375,-2.0986328125,213.4609375,0
2023-12-17 11:44:08.922,58123885821,97.28662109375,-1.64892578125,211.662109375,0
2023-12-17 11:44:08.986,58164364181,95.9375,-0.74951171875,215.40966796875,0
2023-12-17 11:44:09.059,58204994437,96.2373046875,-1.4990234375,213.31103515625,0
2023-12-17 11:44:09.288,58245452125,96.8369140625,-0.599609375,213.01123046875,0
2023-12-17 11:44:09.321,58285868012,96.38720703125,-0.8994140625,212.41162109375,0
2023-12-17 11:44:09.387,58326529196,97.28662109375,-0.74951171875,213.4609375,0
2023-12-17 11:44:09.488,58366977840,97.28662109375,-0.44970703125,212.861328125,0
2023-12-17 11:44:09.525,58407058616,96.68701171875,-1.4990234375,212.5615234375,0
2023-12-17 11:44:09.581,58447498216,96.08740234375,-0.44970703125,213.91064453125,0
2023-12-17 11:44:09.705,58487438364,96.08740234375,-0.2998046875,214.3603515625,0
2023-12-17 11:44:09.758,58527887008,96.38720703125,-0.8994140625,212.861328125,0
2023-12-17 11:44:09.805,58568742988,95.18798828125,-0.8994140625,212.26171875,0
2023-12-17 11:44:09.949,58609916817,95.0380859375,0,212.5615234375,0
2023-12-17 11:44:10.033,58650359001,95.0380859375,0,212.5615234375,0
2023-12-17 11:44:10.075,58689777158,95.78759765625,1.19921875,212.41162109375,0
2023-12-17 11:44:10.113,58730219342,95.337890625,0.8994140625,214.060546875,0
2023-12-17 11:44:10.148,58770576382,96.68701171875,0,212.5615234375,0
2023-12-17 11:44:10.211,58811015982,97.13671875,1.94873046875,213.7607421875,0
2023-12-17 11:44:10.276,58851494888,98.0361328125,2.0986328125,213.1611328125,0
2023-12-17 11:44:10.310,58892791501,96.68701171875,1.4990234375,213.1611328125,0
2023-12-17 11:44:10.338,58933231101,96.2373046875,2.6982421875,215.10986328125,0
2023-12-17 11:44:10.371,58972636734,96.38720703125,2.998046875,214.51025390625,0
2023-12-17 11:44:10.420,59013059538,96.38720703125,2.6982421875,215.259765625,0
2023-12-17 11:44:10.451,59051367540,95.78759765625,2.6982421875,214.3603515625,0
2023-12-17 11:44:10.481,59091790344,95.48779296875,2.6982421875,215.5595703125,0
2023-12-17 11:44:10.505,59134289501,95.78759765625,2.6982421875,214.51025390625,0
2023-12-17 11:44:10.546,59175617725,95.78759765625,3.8974609375,214.3603515625,0
2023-12-17 11:44:10.613,59216014406,96.08740234375,4.197265625,214.9599609375,0
2023-12-17 11:44:10.656,59255584409,96.08740234375,2.6982421875,213.7607421875,0
2023-12-17 11:44:10.732,59296003337,95.18798828125,2.3984375,213.7607421875,0
2023-12-17 11:44:10.772,59336011141,94.88818359375,2.54833984375,212.71142578125,0
2023-12-17 11:44:10.803,59376389748,94.28857421875,1.64892578125,212.861328125,0
2023-12-17 11:44:10.837,59417235178,93.98876953125,2.998046875,210.7626953125,0
2023-12-17 11:44:10.867,59458680340,94.88818359375,2.998046875,210.7626953125,0
2023-12-17 11:44:10.896,59499058947,95.9375,1.34912109375,211.3623046875,0
2023-12-17 11:44:10.917,59536281037,94.28857421875,1.798828125,210.462890625,0
2023-12-17 11:44:10.941,59576659644,95.18798828125,3.2978515625,208.064453125,0
2023-12-17 11:44:10.964,59618542424,94.58837890625,2.24853515625,209.5634765625,0
2023-12-17 11:44:10.987,59658921031,93.38916015625,3.59765625,208.81396484375,0
2023-12-17 11:44:11.010,59700195433,94.58837890625,2.24853515625,207.91455078125,0
2023-12-17 11:44:11.037,59741488326,93.98876953125,2.3984375,206.865234375,0
2023-12-17 11:44:11.070,59781870806,95.18798828125,2.6982421875,206.865234375,0
2023-12-17 11:44:11.102,59820306660,95.18798828125,2.3984375,204.61669921875,0
2023-12-17 11:44:11.156,59860720420,95.18798828125,3.74755859375,204.61669921875,0
2023-12-17 11:44:11.203,59900723711,94.28857421875,1.798828125,204.31689453125,0
2023-12-17 11:44:11.245,59941137471,93.08935546875,2.998046875,204.466796875,0
2023-12-17 11:44:11.270,59978997676,94.138671875,3.59765625,204.31689453125,0
2023-12-17 11:44:11.295,60019397224,93.68896484375,4.4970703125,202.66796875,0
2023-12-17 11:44:11.319,60063065983,92.939453125,3.59765625,202.66796875,0
2023-12-17 11:44:11.352,60104174069,92.6396484375,4.796875,201.91845703125,0
2023-12-17 11:44:11.393,60144542348,94.138671875,3.2978515625,202.81787109375,0
2023-12-17 11:44:11.415,60184102245,93.5390625,4.34716796875,201.31884765625,0
2023-12-17 11:44:11.441,60224512129,94.138671875,4.4970703125,199.669921875,0
2023-12-17 11:44:11.487,60265077108,92.939453125,4.64697265625,201.31884765625,0
2023-12-17 11:44:11.542,60305486992,92.939453125,3.59765625,199.0703125,0
2023-12-17 11:44:11.561,60346655505,93.5390625,2.3984375,199.3701171875,0
2023-12-17 11:44:11.588,60386142580,94.28857421875,2.998046875,198.470703125,0
2023-12-17 11:44:11.611,60426536960,94.28857421875,2.6982421875,197.87109375,0
2023-12-17 11:44:11.631,60463465922,93.38916015625,3.8974609375,196.3720703125,0
2023-12-17 11:44:11.652,60503860302,93.38916015625,1.798828125,197.12158203125,0
2023-12-17 11:44:11.686,60540307894,93.98876953125,2.3984375,196.671875,0
2023-12-17 11:44:11.706,60580702274,94.73828125,3.44775390625,198.02099609375,0
2023-12-17 11:44:11.729,60629435071,93.5390625,2.84814453125,196.82177734375,0
2023-12-17 11:44:11.753,60669181021,93.2392578125,3.14794921875,196.82177734375,0
2023-12-17 11:44:11.774,60709575401,93.08935546875,2.3984375,198.02099609375,0
2023-12-17 11:44:11.795,60750654051,93.8388671875,1.4990234375,196.3720703125,0
2023-12-17 11:44:11.815,60791047139,92.48974609375,2.998046875,195.1728515625,0
2023-12-17 11:44:11.836,60822658614,93.98876953125,1.798828125,196.9716796875,0
2023-12-17 11:44:11.858,60863051702,93.68896484375,1.19921875,194.873046875,0
2023-12-17 11:44:11.879,60911855147,93.98876953125,2.998046875,196.3720703125,0
2023-12-17 11:44:11.905,60953605025,94.88818359375,2.3984375,194.873046875,0
2023-12-17 11:44:11.947,60994007157,92.6396484375,2.54833984375,195.7724609375,0
2023-12-17 11:44:12.033,61033592585,92.939453125,4.197265625,195.47265625,0
2023-12-17 11:44:12.058,61073985673,93.2392578125,0.2998046875,195.1728515625,0
2023-12-17 11:44:12.084,61114278436,91.89013671875,1.19921875,194.2734375,0
2023-12-17 11:44:12.118,61154671524,93.8388671875,2.3984375,193.9736328125,0
2023-12-17 11:44:12.140,61195210549,92.48974609375,0.8994140625,195.1728515625,0
2023-12-17 11:44:12.162,61236062079,93.8388671875,2.0986328125,195.1728515625,0
2023-12-17 11:44:12.191,61276471963,93.2392578125,2.24853515625,196.072265625,0
2023-12-17 11:44:12.210,61315222564,93.2392578125,2.24853515625,196.072265625,0
2023-12-17 11:44:12.233,61355663725,91.89013671875,2.0986328125,196.671875,0
2023-12-17 11:44:12.262,61397133966,92.0400390625,2.3984375,195.47265625,0
2023-12-17 11:44:12.281,61437543850,90.69091796875,2.6982421875,195.7724609375,0
2023-12-17 11:44:12.305,61476083584,90.541015625,0.8994140625,195.47265625,0
2023-12-17 11:44:12.326,61511082663,91.29052734375,2.0986328125,196.82177734375,0
2023-12-17 11:44:12.354,61551492547,89.19189453125,0,195.1728515625,0
2023-12-17 11:44:12.378,61599190627,89.6416015625,0.599609375,194.5732421875,0
2023-12-17 11:44:12.395,61639647023,88.7421875,-0.8994140625,193.673828125,0
2023-12-17 11:44:12.413,61679947836,87.09326171875,-0.2998046875,194.5732421875,0
2023-12-17 11:44:12.433,61720357720,86.49365234375,-1.94873046875,191.875,0
2023-12-17 11:44:12.453,61756395867,86.49365234375,-2.3984375,191.875,0
2023-12-17 11:44:12.472,61796805751,85.14453125,-2.6982421875,190.9755859375,0
2023-12-17 11:44:12.491,61841555129,84.69482421875,-2.0986328125,193.22412109375,0
2023-12-17 11:44:12.511,61882961526,85.29443359375,-4.04736328125,192.7744140625,0
2023-12-17 11:44:12.539,61923376578,85.29443359375,-2.998046875,191.875,0
2023-12-17 11:44:12.586,61961222312,83.79541015625,-3.8974609375,191.875,0
2023-12-17 11:44:12.615,62001637364,83.9453125,-1.798828125,192.474609375,0
2023-12-17 11:44:12.643,62043668449,83.79541015625,-3.2978515625,193.22412109375,0
2023-12-17 11:44:12.666,62084922041,83.49560546875,-5.0966796875,191.72509765625,0
2023-12-17 11:44:12.692,62125368374,83.79541015625,-4.796875,193.07421875,0
2023-12-17 11:44:12.715,62161773463,83.19580078125,-3.74755859375,192.32470703125,0
2023-12-17 11:44:12.744,62202219796,81.69677734375,-5.0966796875,190.9755859375,0
2023-12-17 11:44:12.769,62245471362,81.39697265625,-5.6962890625,191.5751953125,0
2023-12-17 11:44:12.797,62285886414,82.29638671875,-5.396484375,189.62646484375,0
2023-12-17 11:44:12.820,62326362724,82.146484375,-4.4970703125,189.4765625,0
2023-12-17 11:44:12.841,62365112231,80.79736328125,-6.595703125,189.62646484375,0
2023-12-17 11:44:12.868,62405522115,81.99658203125,-6.595703125,186.1787109375,0
2023-12-17 11:44:12.889,62446499840,80.49755859375,-8.39453125,185.279296875,0
2023-12-17 11:44:12.915,62486941001,81.09716796875,-6.8955078125,185.87890625,0
2023-12-17 11:44:12.935,62527938205,80.0478515625,-7.4951171875,182.43115234375,0
2023-12-17 11:44:12.958,62568350673,79.89794921875,-7.794921875,181.53173828125,0
2023-12-17 11:44:12.981,62608302696,78.09912109375,-10.4931640625,178.083984375,0
2023-12-17 11:44:13.002,62648706120,78.09912109375,-10.4931640625,178.083984375,0
2023-12-17 11:44:13.018,62690218446,78.548828125,-8.84423828125,180.63232421875,0
2023-12-17 11:44:13.043,62730135741,78.2490234375,-9.44384765625,176.5849609375,0
2023-12-17 11:44:13.062,62770537873,78.2490234375,-9.44384765625,177.63427734375,0
2023-12-17 11:44:13.081,62811486390,78.548828125,-9.2939453125,175.0859375,0
2023-12-17 11:44:13.105,62851888522,78.2490234375,-11.0927734375,176.884765625,0
2023-12-17 11:44:13.154,62890959477,75.2509765625,-10.4931640625,175.0859375,0
2023-12-17 11:44:13.170,62931361609,75.55078125,-10.4931640625,175.3857421875,0
2023-12-17 11:44:13.187,62937661909,75.55078125,-11.392578125,174.63623046875,0
2023-12-17 11:44:13.202,62978064041,75.55078125,-9.8935546875,174.93603515625,0
2023-12-17 11:44:13.220,63052724311,73.00244140625,-11.54248046875,175.23583984375,0
2023-12-17 11:44:13.238,63095218921,75.8505859375,-12.591796875,173.73681640625,0
2023-12-17 11:44:13.262,63135633973,73.751953125,-13.4912109375,173.13720703125,0
2023-12-17 11:44:13.348,63175150071,73.751953125,-13.64111328125,175.3857421875,0
2023-12-17 11:44:13.381,63215552203,75.55078125,-13.4912109375,173.5869140625,0
2023-12-17 11:44:13.410,63255607850,73.4521484375,-13.791015625,175.0859375,0
2023-12-17 11:44:13.451,63297045785,74.0517578125,-14.0908203125,174.03662109375,0
2023-12-17 11:44:13.479,63337425953,73.60205078125,-14.0908203125,172.9873046875,0
2023-12-17 11:44:13.510,63372953809,74.0517578125,-14.0908203125,174.33642578125,0
2023-12-17 11:44:13.541,63413333977,74.0517578125,-15.14013671875,174.03662109375,0
2023-12-17 11:44:13.569,63457892572,74.20166015625,-13.34130859375,175.83544921875,0
2023-12-17 11:44:13.622,63498272740,74.951171875,-13.04150390625,174.7861328125,0
2023-12-17 11:44:13.671,63536746696,74.80126953125,-13.19140625,175.0859375,0
2023-12-17 11:44:13.748,63579905266,75.10107421875,-12.8916015625,177.484375,0
2023-12-17 11:44:13.798,63620273806,74.6513671875,-13.4912109375,175.23583984375,0
2023-12-17 11:44:13.818,63649821795,73.90185546875,-12.14208984375,175.23583984375,0
2023-12-17 11:44:13.861,63690190335,75.2509765625,-11.0927734375,177.63427734375,0
2023-12-17 11:44:13.879,63740625553,75.2509765625,-12.44189453125,175.9853515625,0
2023-12-17 11:44:13.900,63781071613,75.10107421875,-12.44189453125,175.23583984375,0
2023-12-17 11:44:13.931,63820830783,74.6513671875,-10.64306640625,176.13525390625,0
2023-12-17 11:44:13.949,63862827322,75.70068359375,-10.193359375,177.7841796875,0
2023-12-17 11:44:13.970,63903206198,74.0517578125,-10.4931640625,178.083984375,0
2023-12-17 11:44:14.052,63942561818,74.0517578125,-9.44384765625,177.03466796875,0
2023-12-17 11:44:14.070,63982971702,74.0517578125,-9.44384765625,177.03466796875,0
2023-12-17 11:44:14.088,64023511237,75.10107421875,-10.94287109375,178.083984375,0
2023-12-17 11:44:14.104,64063921121,75.10107421875,-11.0927734375,177.484375,0
2023-12-17 11:44:14.119,64104452503,75.40087890625,-10.04345703125,177.93408203125,0
2023-12-17 11:44:14.136,64145679299,74.80126953125,-9.8935546875,180.7822265625,0
2023-12-17 11:44:14.153,64186157957,74.6513671875,-10.34326171875,177.1845703125,0
2023-12-17 11:44:14.169,64225289855,75.2509765625,-10.04345703125,177.7841796875,0
2023-12-17 11:44:14.187,64265737207,75.10107421875,-10.94287109375,178.23388671875,0
2023-12-17 11:44:14.205,64301171508,74.3515625,-9.8935546875,177.03466796875,0
2023-12-17 11:44:14.224,64341618860,75.40087890625,-10.64306640625,177.33447265625,0
2023-12-17 11:44:14.241,64383322746,75.2509765625,-9.44384765625,176.73486328125,0
2023-12-17 11:44:14.273,64423770098,74.6513671875,-10.79296875,177.7841796875,0
2023-12-17 11:44:14.291,64467235513,75.55078125,-10.64306640625,176.43505859375,0
2023-12-17 11:44:14.307,64498088221,76.150390625,-9.74365234375,177.7841796875,0
2023-12-17 11:44:14.324,64538522341,74.3515625,-9.8935546875,176.28515625,0
2023-12-17 11:44:14.359,64589122240,76.60009765625,-8.994140625,177.484375,0
2023-12-17 11:44:14.378,64629587680,74.951171875,-10.193359375,175.685546875,0
2023-12-17 11:44:14.399,64668118481,74.951171875,-9.59375,175.3857421875,0
2023-12-17 11:44:14.417,64711571117,73.15234375,-11.24267578125,176.5849609375,0
2023-12-17 11:44:14.435,64751970665,72.552734375,-11.6923828125,176.28515625,0
2023-12-17 11:44:14.483,64790011784,74.951171875,-6.595703125,176.28515625,0
2023-12-17 11:44:14.511,64830411332,75.55078125,-6.44580078125,176.884765625,0
2023-12-17 11:44:14.530,64859368694,75.55078125,-6.74560546875,176.28515625,0
2023-12-17 11:44:14.560,64899721730,74.3515625,-6.595703125,175.83544921875,0
2023-12-17 11:44:14.583,64951420413,75.8505859375,-5.396484375,175.83544921875,0
2023-12-17 11:44:14.605,64991773449,75.8505859375,-6.595703125,175.53564453125,0
2023-12-17 11:44:14.620,65029884631,76.00048828125,-4.94677734375,175.23583984375,0
2023-12-17 11:44:14.635,65073572180,74.951171875,-5.54638671875,175.23583984375,0
2023-12-17 11:44:14.671,65113943041,76.150390625,-5.396484375,174.03662109375,0
2023-12-17 11:44:14.694,65148231668,76.89990234375,-5.84619140625,172.23779296875,0
2023-12-17 11:44:14.715,65188633800,77.349609375,-3.74755859375,174.33642578125,0
2023-12-17 11:44:14.731,65234742605,74.3515625,-3.8974609375,172.83740234375,0
2023-12-17 11:44:14.752,65275144737,77.349609375,-2.3984375,173.13720703125,0
2023-12-17 11:44:14.772,65316202800,75.70068359375,-1.798828125,172.3876953125,0
2023-12-17 11:44:14.791,65347562968,74.80126953125,-2.3984375,173.43701171875,0
2023-12-17 11:44:14.819,65387948304,76.00048828125,-1.4990234375,172.6875,0
2023-12-17 11:44:14.845,65437972764,76.4501953125,-0.599609375,171.48828125,0
2023-12-17 11:44:14.861,65478358100,76.4501953125,-0.8994140625,170.5888671875,0
2023-12-17 11:44:14.882,65516948472,75.55078125,1.798828125,169.3896484375,0
2023-12-17 11:44:14.901,65557274148,75.40087890625,0.74951171875,169.689453125,0
2023-12-17 11:44:14.916,65599125017,77.49951171875,1.4990234375,169.23974609375,0
2023-12-17 11:44:14.936,65640890054,75.8505859375,0.599609375,169.9892578125,0
2023-12-17 11:44:14.955,65681240259,75.40087890625,0.14990234375,168.7900390625,0
2023-12-17 11:44:14.972,65720702766,76.4501953125,-0.2998046875,169.9892578125,0
2023-12-17 11:44:14.988,65761084226,75.2509765625,-1.64892578125,169.3896484375,0
2023-12-17 11:44:15.005,65801358373,77.49951171875,-0.44970703125,169.3896484375,0
2023-12-17 11:44:15.021,65841739833,77.349609375,1.04931640625,169.83935546875,0
2023-12-17 11:44:15.038,65882450040,75.8505859375,-0.44970703125,168.7900390625,0
2023-12-17 11:44:15.057,65923372946,77.6494140625,-0.599609375,170.13916015625,0
2023-12-17 11:44:15.077,65963802210,77.0498046875,-0.74951171875,169.689453125,0
2023-12-17 11:44:15.094,66003490174,76.60009765625,0,169.9892578125,0
2023-12-17 11:44:15.110,66043901056,75.8505859375,-0.44970703125,168.7900390625,0
2023-12-17 11:44:15.127,66084409367,77.19970703125,-0.8994140625,168.93994140625,0
2023-12-17 11:44:15.143,66124851551,78.09912109375,0,169.83935546875,0
2023-12-17 11:44:15.160,66164799550,76.00048828125,-1.798828125,167.291015625,0
2023-12-17 11:44:15.183,66205441506,76.89990234375,-1.19921875,168.1904296875,0
2023-12-17 11:44:15.201,66245914992,77.49951171875,0.14990234375,168.7900390625,0
2023-12-17 11:44:15.223,66284391537,76.89990234375,-0.2998046875,170.5888671875,0
2023-12-17 11:44:15.242,66324833721,74.6513671875,0.74951171875,169.9892578125,0
2023-12-17 11:44:15.259,66367099370,75.55078125,0.14990234375,169.9892578125,0
2023-12-17 11:44:15.278,66407541554,76.4501953125,1.4990234375,168.04052734375,0
2023-12-17 11:44:15.295,66448086271,76.150390625,0,170.13916015625,0
2023-12-17 11:44:15.312,66481241684,75.70068359375,-0.2998046875,166.69140625,0
2023-12-17 11:44:15.331,66521683868,75.2509765625,0,167.5908203125,0
2023-12-17 11:44:15.350,66567326175,77.19970703125,-1.798828125,167.74072265625,0
2023-12-17 11:44:15.368,66607737057,76.150390625,0.8994140625,168.7900390625,0
2023-12-17 11:44:15.385,66644491343,76.150390625,0.8994140625,168.7900390625,0
2023-12-17 11:44:15.402,66684912855,75.55078125,-2.24853515625,168.1904296875,0
2023-12-17 11:44:15.420,66709951950,75.55078125,-0.2998046875,169.23974609375,0
2023-12-17 11:44:15.444,66750373462,75.8505859375,-1.19921875,169.3896484375,0
2023-12-17 11:44:15.461,66811764076,75.2509765625,-0.599609375,169.83935546875,0
2023-12-17 11:44:15.476,66834453944,73.751953125,-1.19921875,168.490234375,0
2023-12-17 11:44:15.495,66874766710,74.50146484375,-0.8994140625,168.1904296875,0
2023-12-17 11:44:15.511,66932965717,73.751953125,-1.798828125,169.23974609375,0
2023-12-17 11:44:15.526,66973309709,73.751953125,-1.19921875,167.74072265625,0
2023-12-17 11:44:15.542,67013834175,74.80126953125,-3.74755859375,168.490234375,0
2023-12-17 11:44:15.556,67053215056,72.8525390625,-2.3984375,166.9912109375,0
2023-12-17 11:44:15.571,67093622356,75.2509765625,-2.3984375,166.69140625,0
2023-12-17 11:44:15.586,67134716566,74.3515625,-3.14794921875,168.93994140625,0
2023-12-17 11:44:15.600,67175129034,74.0517578125,-2.84814453125,168.64013671875,0
2023-12-17 11:44:15.618,67212346151,74.0517578125,-2.54833984375,166.84130859375,0
2023-12-17 11:44:15.636,67252758619,73.751953125,-2.3984375,165.7919921875,0
2023-12-17 11:44:15.653,67294323778,73.4521484375,-1.94873046875,167.14111328125,0
2023-12-17 11:44:15.669,67334736246,72.2529296875,-2.84814453125,166.84130859375,0
2023-12-17 11:44:15.686,67375664297,72.552734375,-2.6982421875,164.29296875,0
2023-12-17 11:44:15.704,67418812257,72.2529296875,-4.796875,166.24169921875,0
2023-12-17 11:44:15.729,67459201469,72.2529296875,-5.0966796875,164.29296875,0
2023-12-17 11:44:15.745,67496782262,72.8525390625,-5.84619140625,164.44287109375,0
2023-12-17 11:44:15.761,67537171474,72.70263671875,-5.24658203125,164.5927734375,0
2023-12-17 11:44:15.778,67578783178,71.6533203125,-5.396484375,163.3935546875,0
2023-12-17 11:44:15.795,67619176266,70.75390625,-5.0966796875,163.9931640625,0
2023-12-17 11:44:15.811,67657504657,73.4521484375,-5.6962890625,161.14501953125,0
2023-12-17 11:44:15.826,67700619773,71.50341796875,-6.2958984375,161.89453125,0
2023-12-17 11:44:15.842,67740981597,71.353515625,-6.14599609375,160.095703125,0
2023-12-17 11:44:15.857,67781593590,71.6533203125,-5.84619140625,159.34619140625,0
2023-12-17 11:44:15.874,67821948959,70.90380859375,-7.64501953125,156.498046875,0
2023-12-17 11:44:15.902,67862322663,72.2529296875,-8.0947265625,157.09765625,0
2023-12-17 11:44:15.918,67902710583,71.6533203125,-9.59375,155.5986328125,0
2023-12-17 11:44:15.943,67937666970,70.154296875,-9.8935546875,154.24951171875,0
2023-12-17 11:44:15.957,67980591531,68.80517578125,-10.34326171875,153.05029296875,0
2023-12-17 11:44:15.973,68020979451,68.80517578125,-10.34326171875,153.05029296875,0
2023-12-17 11:44:15.991,68061036875,69.8544921875,-9.59375,152.45068359375,0
2023-12-17 11:44:16.005,68101422211,68.6552734375,-11.9921875,149.45263671875,0
2023-12-17 11:44:16.022,68145386958,67.4560546875,-11.84228515625,149.15283203125,0
2023-12-17 11:44:16.042,68185741036,67.755859375,-13.791015625,147.50390625,0
2023-12-17 11:44:16.060,68223039964,67.4560546875,-13.791015625,145.85498046875,0
2023-12-17 11:44:16.081,68266625806,65.95703125,-16.03955078125,145.85498046875,0
2023-12-17 11:44:16.099,68307033106,66.2568359375,-15.58984375,145.705078125,0
2023-12-17 11:44:16.139,68345130764,66.556640625,-16.189453125,144.95556640625,0
2023-12-17 11:44:16.163,68385538064,66.556640625,-15.73974609375,145.705078125,0
2023-12-17 11:44:16.182,68423762124,64.60791015625,-16.93896484375,143.45654296875,0
2023-12-17 11:44:16.201,68464169424,62.958984375,-17.6884765625,143.90625,0
2023-12-17 11:44:16.218,68509020464,65.6572265625,-17.83837890625,143.45654296875,0
2023-12-17 11:44:16.234,68550019590,65.0576171875,-16.7890625,142.70703125,0
2023-12-17 11:44:16.255,68590434642,64.60791015625,-17.23876953125,142.85693359375,0
2023-12-17 11:44:16.277,68629904071,62.958984375,-17.0888671875,143.75634765625,0
2023-12-17 11:44:16.296,68670319123,64.60791015625,-16.7890625,143.306640625,0
2023-12-17 11:44:16.316,68708442896,64.4580078125,-15.8896484375,142.25732421875,0
2023-12-17 11:44:16.334,68748826667,64.158203125,-15.2900390625,145.10546875,0
2023-12-17 11:44:16.351,68791614173,62.359375,-15.8896484375,144.65576171875,0
2023-12-17 11:44:16.367,68810827380,63.10888671875,-16.03955078125,142.55712890625,0
2023-12-17 11:44:16.384,68851149408,62.50927734375,-16.93896484375,143.90625,0
2023-12-17 11:44:16.399,68891471436,64.158203125,-16.189453125,144.505859375,0
2023-12-17 11:44:16.416,68952792791,63.2587890625,-15.14013671875,144.2060546875,0
2023-12-17 11:44:16.433,68994802755,63.8583984375,-14.390625,143.90625,0
2023-12-17 11:44:16.449,69035124783,63.8583984375,-14.390625,144.65576171875,0
2023-12-17 11:44:16.465,69074657682,62.20947265625,-14.0908203125,144.505859375,0
2023-12-17 11:44:16.480,69108763860,62.958984375,-14.84033203125,144.05615234375,0
2023-12-17 11:44:16.497,69149163123,62.50927734375,-13.04150390625,144.95556640625,0
2023-12-17 11:44:16.513,69195879650,62.20947265625,-13.4912109375,144.8056640625,0
2023-12-17 11:44:16.529,69236278913,62.359375,-14.990234375,146.6044921875,0
2023-12-17 11:44:16.546,69276637235,61.16015625,-14.6904296875,144.2060546875,0
2023-12-17 11:44:16.561,69317072959,61.31005859375,-12.8916015625,146.75439453125,0
2023-12-17 11:44:16.602,69357431686,60.560546875,-14.0908203125,146.3046875,0
2023-12-17 11:44:16.619,69398717284,60.560546875,-14.0908203125,146.3046875,0
2023-12-17 11:44:16.637,69439111383,60.8603515625,-14.24072265625,144.8056640625,0
2023-12-17 11:44:16.652,69478665104,61.16015625,-13.791015625,144.8056640625,0
2023-12-17 11:44:16.667,69519059203,61.4599609375,-16.4892578125,144.65576171875,0
2023-12-17 11:44:16.697,69551074412,60.41064453125,-13.94091796875,145.25537109375,0
2023-12-17 11:44:16.715,69591468511,60.560546875,-15.2900390625,141.95751953125,0
2023-12-17 11:44:16.733,69640341146,61.4599609375,-14.54052734375,142.4072265625,0
2023-12-17 11:44:16.750,69681667769,60.2607421875,-13.4912109375,141.65771484375,0
2023-12-17 11:44:16.769,69722070905,59.6611328125,-15.73974609375,140.6083984375,0
2023-12-17 11:44:16.789,69758396759,61.4599609375,-15.58984375,139.708984375,0
2023-12-17 11:44:16.807,69798799895,61.31005859375,-14.54052734375,141.2080078125,0
2023-12-17 11:44:16.823,69840726432,62.0595703125,-14.990234375,138.95947265625,0
2023-12-17 11:44:16.841,69881129568,59.6611328125,-14.390625,139.55908203125,0
2023-12-17 11:44:16.857,69921998268,61.16015625,-14.24072265625,137.76025390625,0
2023-12-17 11:44:16.873,69963016812,62.6591796875,-14.84033203125,138.65966796875,0
2023-12-17 11:44:16.889,70003429280,62.958984375,-13.94091796875,138.95947265625,0
2023-12-17 11:44:16.903,70040022745,62.359375,-14.390625,138.06005859375,0
2023-12-17 11:44:16.921,70080435213,62.359375,-13.4912109375,136.86083984375,0
2023-12-17 11:44:16.937,70121970082,62.359375,-15.14013671875,138.06005859375,0
2023-12-17 11:44:16.955,70162382550,62.50927734375,-13.791015625,136.4111328125,0
2023-12-17 11:44:16.973,70205438121,62.80908203125,-14.390625,137.6103515625,0
2023-12-17 11:44:16.993,70245864801,61.90966796875,-13.64111328125,137.310546875,0
2023-12-17 11:44:17.009,70286834618,63.2587890625,-13.04150390625,137.76025390625,0
2023-12-17 11:44:17.027,70327459945,61.4599609375,-13.34130859375,136.56103515625,0
2023-12-17 11:44:17.046,70367872413,63.2587890625,-12.591796875,136.56103515625,0
2023-12-17 11:44:17.065,70406692294,64.00830078125,-10.64306640625,137.16064453125,0
2023-12-17 11:44:17.082,70447072192,64.158203125,-11.54248046875,136.7109375,0
2023-12-17 11:44:17.099,70488918504,62.958984375,-11.6923828125,138.2099609375,0
2023-12-17 11:44:17.133,70529299693,64.158203125,-11.9921875,137.16064453125,0
2023-12-17 11:44:17.149,70569622183,64.7578125,-12.591796875,137.6103515625,0
2023-12-17 11:44:17.166,70596990443,64.158203125,-13.19140625,137.6103515625,0
2023-12-17 11:44:17.182,70637383251,65.0576171875,-12.591796875,139.109375,0
2023-12-17 11:44:17.198,70690328512,65.6572265625,-13.19140625,140.75830078125,0
2023-12-17 11:44:17.214,70730721320,63.8583984375,-11.9921875,138.509765625,0
2023-12-17 11:44:17.231,70771486844,63.40869140625,-11.392578125,138.06005859375,0
2023-12-17 11:44:17.248,70811886107,63.70849609375,-10.64306640625,139.85888671875,0
2023-12-17 11:44:17.267,70843963970,64.30810546875,-10.94287109375,140.908203125,0
2023-12-17 11:44:17.285,70884363233,63.2587890625,-10.193359375,140.0087890625,0
2023-12-17 11:44:17.312,70933424860,64.30810546875,-11.392578125,139.708984375,0
2023-12-17 11:44:17.335,70974620032,63.55859375,-12.14208984375,139.4091796875,0
2023-12-17 11:44:17.359,71015028332,62.80908203125,-10.193359375,139.4091796875,0
2023-12-17 11:44:17.378,71054655864,63.2587890625,-11.392578125,139.85888671875,0
2023-12-17 11:44:17.403,71095042217,63.55859375,-12.591796875,137.76025390625,0
2023-12-17 11:44:17.421,71135123973,63.2587890625,-11.392578125,139.55908203125,0
2023-12-17 11:44:17.452,71173795257,63.2587890625,-11.0927734375,138.95947265625,0
2023-12-17 11:44:17.468,71214198393,63.55859375,-12.591796875,138.509765625,0
2023-12-17 11:44:17.491,71256187314,62.958984375,-11.392578125,138.2099609375,0
2023-12-17 11:44:17.518,71296621746,62.50927734375,-12.591796875,139.25927734375,0
2023-12-17 11:44:17.542,71336828253,62.0595703125,-12.591796875,139.4091796875,0
2023-12-17 11:44:17.571,71377231389,62.80908203125,-13.791015625,139.85888671875,0
2023-12-17 11:44:17.594,71418191968,65.357421875,-12.2919921875,138.95947265625,0
2023-12-17 11:44:17.621,71459336909,62.80908203125,-11.392578125,138.95947265625,0
2023-12-17 11:44:17.645,71499786845,61.90966796875,-12.8916015625,139.25927734375,0
2023-12-17 11:44:17.668,71539349655,60.8603515625,-12.591796875,138.65966796875,0
2023-12-17 11:44:17.685,71579768283,61.16015625,-11.9921875,139.55908203125,0
2023-12-17 11:44:17.704,71620184638,62.80908203125,-12.591796875,138.06005859375,0
2023-12-17 11:44:17.723,71660634574,61.759765625,-12.2919921875,140.45849609375,0
2023-12-17 11:44:17.750,71700223006,61.16015625,-12.74169921875,139.25927734375,0
2023-12-17 11:44:17.766,71742366506,60.560546875,-12.74169921875,138.2099609375,0
2023-12-17 11:44:17.783,71782763187,59.9609375,-13.19140625,138.95947265625,0
2023-12-17 11:44:17.799,71822315264,61.4599609375,-13.19140625,139.25927734375,0
2023-12-17 11:44:17.821,71862711945,60.560546875,-13.94091796875,139.85888671875,0
2023-12-17 11:44:17.842,71899865353,61.16015625,-13.64111328125,138.06005859375,0
2023-12-17 11:44:17.870,71940234923,60.8603515625,-13.34130859375,138.95947265625,0
2023-12-17 11:44:17.893,71984060304,58.01220703125,-13.34130859375,139.25927734375,0
2023-12-17 11:44:17.918,72010624592,58.76171875,-13.791015625,139.85888671875,0
2023-12-17 11:44:17.935,72051025432,60.71044921875,-11.54248046875,137.6103515625,0
2023-12-17 11:44:17.968,72091395002,59.51123046875,-13.94091796875,138.06005859375,0
2023-12-17 11:44:17.988,72144828085,60.11083984375,-13.94091796875,138.06005859375,0
2023-12-17 11:44:18.013,72184084316,60.11083984375,-13.94091796875,138.06005859375,0
2023-12-17 11:44:18.034,72224482572,59.6611328125,-13.64111328125,139.85888671875,0
2023-12-17 11:44:18.055,72263155002,60.2607421875,-14.990234375,139.109375,0
2023-12-17 11:44:18.077,72303553258,60.560546875,-14.6904296875,138.8095703125,0
2023-12-17 11:44:18.094,72347535258,59.0615234375,-14.84033203125,138.65966796875,0
2023-12-17 11:44:18.111,72388980191,59.21142578125,-14.0908203125,138.35986328125,0
2023-12-17 11:44:18.131,72429383615,59.21142578125,-15.14013671875,139.85888671875,0
2023-12-17 11:44:18.149,72467981084,58.91162109375,-14.6904296875,137.16064453125,0
2023-12-17 11:44:18.166,72508353236,59.6611328125,-14.24072265625,138.509765625,0
2023-12-17 11:44:18.182,72548492199,59.6611328125,-13.791015625,138.06005859375,0
2023-12-17 11:44:18.199,72588864351,59.51123046875,-14.0908203125,138.06005859375,0
2023-12-17 11:44:18.215,72627705972,59.21142578125,-15.8896484375,137.76025390625,0
2023-12-17 11:44:18.238,72670799186,59.51123046875,-14.6904296875,137.16064453125,0
2023-12-17 11:44:18.255,72711176770,58.76171875,-14.0908203125,137.46044921875,0
2023-12-17 11:44:18.275,72750112530,58.4619140625,-14.54052734375,138.06005859375,0
2023-12-17 11:44:18.291,72790490114,57.71240234375,-15.14013671875,136.86083984375,0
2023-12-17 11:44:18.310,72830576499,58.4619140625,-15.14013671875,135.36181640625,0
2023-12-17 11:44:18.329,72870959251,57.8623046875,-15.43994140625,135.06201171875,0
2023-12-17 11:44:18.348,72911826784,58.76171875,-14.390625,134.0126953125,0
2023-12-17 11:44:18.365,72954038983,57.11279296875,-17.0888671875,132.36376953125,0
2023-12-17 11:44:18.385,72994423027,57.11279296875,-15.43994140625,134.3125,0
2023-12-17 11:44:18.406,73034382482,57.8623046875,-14.6904296875,132.36376953125,0
2023-12-17 11:44:18.423,73074735269,56.36328125,-16.4892578125,130.71484375,0
2023-12-17 11:44:18.441,73115199304,55.4638671875,-16.93896484375,131.76416015625,0
2023-12-17 11:44:18.458,73155553382,55.1640625,-17.23876953125,130.86474609375,0
2023-12-17 11:44:18.474,73195665925,55.91357421875,-17.6884765625,130.71484375,0
2023-12-17 11:44:18.491,73237565671,56.962890625,-17.98828125,130.71484375,0
2023-12-17 11:44:18.507,73277952299,55.61376953125,-18.587890625,131.46435546875,0
2023-12-17 11:44:18.523,73317360216,55.31396484375,-18.2880859375,131.0146484375,0
2023-12-17 11:44:18.547,73357784312,54.2646484375,-20.6865234375,131.46435546875,0
2023-12-17 11:44:18.564,73392614342,56.36328125,-19.787109375,131.46435546875,0
2023-12-17 11:44:18.579,73433038438,56.962890625,-20.23681640625,131.0146484375,0
2023-12-17 11:44:18.596,73479040472,56.21337890625,-19.63720703125,131.314453125,0
2023-12-17 11:44:18.613,73518415322,56.962890625,-20.0869140625,130.56494140625,0
2023-12-17 11:44:18.631,73558854922,56.962890625,-19.03759765625,132.36376953125,0
2023-12-17 11:44:18.647,73600163379,56.962890625,-19.03759765625,132.36376953125,0
2023-12-17 11:44:18.665,73640603954,56.21337890625,-19.33740234375,131.46435546875,0
2023-12-17 11:44:18.689,73679656516,57.11279296875,-19.03759765625,131.6142578125,0
2023-12-17 11:44:18.706,73720097091,54.71435546875,-18.73779296875,130.86474609375,0
2023-12-17 11:44:18.726,73759737971,56.36328125,-19.03759765625,131.16455078125,0
2023-12-17 11:44:18.756,73803061018,54.71435546875,-19.33740234375,131.46435546875,0
2023-12-17 11:44:18.776,73843475773,56.21337890625,-18.13818359375,133.4130859375,0
2023-12-17 11:44:18.796,73881383523,56.962890625,-18.13818359375,130.86474609375,0
2023-12-17 11:44:18.813,73921798278,56.51318359375,-16.03955078125,131.314453125,0
2023-12-17 11:44:18.830,73963895252,56.0634765625,-16.4892578125,134.0126953125,0
2023-12-17 11:44:18.847,74004350356,56.51318359375,-17.98828125,132.66357421875,0
2023-12-17 11:44:18.862,74041596280,56.962890625,-17.0888671875,133.4130859375,0
2023-12-17 11:44:18.879,74084949034,57.5625,-17.0888671875,132.66357421875,0
2023-12-17 11:44:18.896,74125372826,57.5625,-15.14013671875,133.86279296875,0
2023-12-17 11:44:18.912,74159246065,57.2626953125,-14.990234375,135.06201171875,0
2023-12-17 11:44:18.930,74199657241,56.51318359375,-14.6904296875,134.46240234375,0
2023-12-17 11:44:18.957,74246385722,55.91357421875,-15.58984375,134.76220703125,0
2023-12-17 11:44:18.973,74286765620,56.21337890625,-14.390625,135.96142578125,0
2023-12-17 11:44:18.990,74325391431,55.61376953125,-15.2900390625,134.912109375,0
2023-12-17 11:44:19.006,74368872003,56.36328125,-14.390625,135.36181640625,0
2023-12-17 11:44:19.021,74409304832,57.2626953125,-14.6904296875,136.56103515625,0
2023-12-17 11:44:19.058,74448779083,56.6630859375,-15.14013671875,137.91015625,0
2023-12-17 11:44:19.081,74489182219,56.0634765625,-14.990234375,137.310546875,0
2023-12-17 11:44:19.119,74529353784,56.6630859375,-14.84033203125,136.111328125,0
2023-12-17 11:44:19.142,74569756920,55.763671875,-14.390625,136.26123046875,0
2023-12-17 11:44:19.185,74610318755,56.962890625,-13.791015625,138.65966796875,0
2023-12-17 11:44:19.255,74651056761,55.31396484375,-14.84033203125,138.2099609375,0
2023-12-17 11:44:19.273,74691468934,55.4638671875,-14.0908203125,137.310546875,0
2023-12-17 11:44:19.327,74731422243,56.81298828125,-14.390625,137.0107421875,0
2023-12-17 11:44:19.348,74771834416,56.36328125,-15.14013671875,138.2099609375,0
2023-12-17 11:44:19.400,74812291126,55.4638671875,-14.990234375,136.56103515625,0
2023-12-17 11:44:19.414,74852694262,56.51318359375,-14.390625,137.46044921875,0
2023-12-17 11:44:19.470,74891459434,58.162109375,-15.73974609375,137.16064453125,0
2023-12-17 11:44:19.488,74931862570,57.5625,-14.390625,135.8115234375,0
2023-12-17 11:44:19.564,74973346119,57.2626953125,-15.8896484375,135.8115234375,0
2023-12-17 11:44:19.615,75014307063,56.962890625,-15.8896484375,135.51171875,0
2023-12-17 11:44:19.633,75054710199,56.962890625,-15.8896484375,135.51171875,0
2023-12-17 11:44:19.682,75089687358,57.41259765625,-13.4912109375,136.86083984375,0
2023-12-17 11:44:19.701,75130090494,56.81298828125,-13.791015625,134.76220703125,0
2023-12-17 11:44:19.773,75175582691,57.5625,-13.4912109375,135.51171875,0
2023-12-17 11:44:19.787,75216017123,57.11279296875,-14.990234375,135.96142578125,0
2023-12-17 11:44:19.825,75244861174,57.11279296875,-13.791015625,135.96142578125,0
2023-12-17 11:44:19.842,75285207506,56.6630859375,-14.0908203125,135.06201171875,0
2023-12-17 11:44:19.900,75337828570,56.962890625,-12.74169921875,137.310546875,0
2023-12-17 11:44:19.965,75378362297,57.2626953125,-12.2919921875,134.46240234375,0
2023-12-17 11:44:19.982,75418677377,57.2626953125,-15.2900390625,134.16259765625,0
2023-12-17 11:44:20.038,75459020857,58.31201171875,-13.791015625,134.16259765625,0
2023-12-17 11:44:20.053,75499422702,57.2626953125,-12.591796875,136.26123046875,0
2023-12-17 11:44:20.106,75539903412,58.31201171875,-13.19140625,134.46240234375,0
2023-12-17 11:44:20.183,75581196501,57.8623046875,-12.2919921875,135.06201171875,0
2023-12-17 11:44:20.200,75621608674,57.8623046875,-11.6923828125,135.36181640625,0
2023-12-17 11:44:20.250,75657267691,56.36328125,-11.84228515625,134.76220703125,0
2023-12-17 11:44:20.270,75697679864,57.71240234375,-12.2919921875,134.46240234375,0
2023-12-17 11:44:20.320,75740253198,57.8623046875,-10.94287109375,134.912109375,0
2023-12-17 11:44:20.335,75780665371,57.5625,-11.392578125,135.8115234375,0
2023-12-17 11:44:20.391,75822892243,57.71240234375,-10.94287109375,136.56103515625,0
2023-12-17 11:44:20.462,75863090319,58.01220703125,-12.14208984375,135.36181640625,0
2023-12-17 11:44:20.478,75903507656,57.8623046875,-9.74365234375,135.96142578125,0
2023-12-17 11:44:20.535,75943921237,57.71240234375,-9.74365234375,133.4130859375,0
2023-12-17 11:44:20.554,75984338574,59.0615234375,-10.79296875,135.96142578125,0
