timestamp,time,x,y,z,cos,azimuth,pith,roll,azimuthInDegrees,pitchInDegrees,rollInDegrees
2023-12-17 11:43:59.664,54980811704,-0.000427246094,-0.001403808594,0.000366210938,0.999938964844,-0.000731177919,0.00085546833,-0.002807137556,-0.041893408836,0.049014724815,-0.160837134493
2023-12-17 11:44:00.047,55051655625,-0.000427246094,-0.001525878906,0,0.999938964844,0.000001303852,0.00085444015,-0.003051577369,0.00007470522,0.048955814433,-0.174842504087
2023-12-17 11:44:00.256,55094368976,0.68017578125,0.002136230469,-0.001525878906,0.732971191406,0.068722851574,-1.494515299797,0.069585435092,3.937529351318,-85.6294190961,3.986951746379
2023-12-17 11:44:00.427,55133879997,0.680480957031,0.002380371094,-0.001403808594,0.732727050781,0.071565188468,-1.49603843689,0.072946324944,4.100383259246,-85.716688423126,4.17951655031
2023-12-17 11:44:00.563,55174203317,0.680847167969,0.002563476562,-0.0009765625,0.732360839844,0.067409083247,-1.496571779251,0.069652244449,3.86225597091,-85.747246689472,3.990779640522
2023-12-17 11:44:00.734,55214928885,0.681030273438,0.002380371094,-0.000183105469,0.732238769531,0.048450749367,-1.498015761375,0.051559437066,2.776023453002,-85.829980770889,2.95413813797
2023-12-17 11:44:00.990,55255256081,0.681396484375,0.002319335938,0.000732421875,0.731811523438,0.029247749597,-1.497444987297,0.033557899296,1.675772612154,-85.797277825143,1.922725999002
2023-12-17 11:44:01.234,55295301033,0.681518554688,0.002319335938,0.001281738281,0.731750488281,0.018088171259,-1.49879527092,0.023179471493,1.036375872226,-85.874643377871,1.328085887879
2023-12-17 11:44:01.448,55335623061,0.681945800781,0.002075195312,0.001708984375,0.731323242188,0.004731435329,-1.499405145645,0.010078284889,0.271091275375,-85.909586625665,0.577443188897
2023-12-17 11:44:01.615,55376628452,0.682495117188,0.001770019531,0.002075195312,0.730773925781,-0.009020337835,-1.500164628029,-0.003591687884,-0.516827287725,-85.953101760867,-0.205788557092
2023-12-17 11:44:01.783,55417921022,0.682556152344,0.001586914062,0.002136230469,0.730773925781,-0.01400987152,-1.501431822777,-0.008747409098,-0.802706509622,-86.025706671744,-0.501189622981
2023-12-17 11:44:01.972,55458218502,0.682434082031,0.001403808594,0.001953125,0.730895996094,-0.013695923612,-1.501242876053,-0.008950322866,-0.784718619474,-86.01488082191,-0.512815725526
2023-12-17 11:44:02.135,55497282546,0.6826171875,0.001586914062,0.001892089844,0.730712890625,-0.008795480244,-1.501505851746,-0.003878605552,-0.503943896764,-86.029948219219,-0.222227728527
2023-12-17 11:44:02.291,55537580026,0.682495117188,0.001953125,0.001770019531,0.730834960938,0.001152316341,-1.501348495483,0.006415235344,0.066022863013,-86.020932369515,0.367565909813
2023-12-17 11:44:02.428,55577050582,0.682189941406,0.002014160156,0.001647949219,0.731079101562,0.004889824428,-1.499735236168,0.010062287562,0.280166302265,-85.928499419477,0.576526609526
2023-12-17 11:44:02.600,55617345478,0.682189941406,0.002624511719,0.001403808594,0.731140136719,0.022068828344,-1.500928878784,0.027765812352,1.26445072293,-85.996890103636,1.590863862539
2023-12-17 11:44:02.758,55659592329,0.682373046875,0.003173828125,0.001281738281,0.73095703125,0.035742823035,-1.501195788383,0.042042631656,2.047912907761,-86.012182897188,2.408865353508
2023-12-17 11:44:02.894,55700840175,0.68310546875,0.004028320312,0.001220703125,0.730285644531,0.055697817355,-1.503464460373,0.063121788204,3.191249862555,-86.142168227282,3.616612059392
2023-12-17 11:44:03.053,55741135071,0.685729980469,0.005676269531,0.001831054688,0.727722167969,0.085774891078,-1.508538603783,0.096369273961,4.914539246991,-86.432895229304,5.521552672682
2023-12-17 11:44:03.193,55780634410,0.688903808594,0.009338378906,0.003234863281,0.724731445312,0.1596018821,-1.517893314362,0.177363291383,9.144514246681,-86.968880664042,10.162168036783
2023-12-17 11:44:03.324,55820929306,0.693542480469,0.013732910156,0.004943847656,0.72021484375,0.304527401924,-1.529199004173,0.330899119377,17.448134876337,-87.616648974737,18.959122984906
2023-12-17 11:44:03.481,55861516297,0.696655273438,0.016723632812,0.005493164062,0.717163085938,0.48475497961,-1.536576628685,0.516148209572,27.774414429629,-88.039355722091,29.5731140117
2023-12-17 11:44:03.609,55901813777,0.70068359375,0.018005371094,0.005126953125,0.713195800781,0.782245635986,-1.54373216629,0.814925193787,44.819373484544,-88.449337827021,46.691774222854
2023-12-17 11:44:03.746,55942386071,0.70458984375,0.017761230469,0.004760742188,0.709289550781,1.202096939087,-1.545716881752,1.23388338089,68.875081175275,-88.563053646513,70.696310136324
2023-12-17 11:44:03.910,55982444732,0.7080078125,0.017761230469,0.00439453125,0.705932617188,1.706595778465,-1.549242258072,1.737944483757,97.780735440903,-88.765042830837,99.57688394732
2023-12-17 11:44:04.067,56022830068,0.710205078125,0.017822265625,0.004638671875,0.703674316406,2.00997376442,-1.545161962509,2.041818618774,115.163013633263,-88.531259115926,116.987589387005
2023-12-17 11:44:04.240,56063472970,0.713562011719,0.017700195312,0.005737304688,0.700256347656,2.389358997345,-1.540986061096,2.42263174057,136.900186289477,-88.291997589301,138.806574049098
2023-12-17 11:44:04.399,56103864766,0.715454101562,0.016723632812,0.007141113281,0.698364257812,2.612185239792,-1.540264844894,2.646028757095,149.667189546443,-88.250674944822,151.60628025181
2023-12-17 11:44:04.532,56123739449,0.716003417969,0.014282226562,0.0078125,0.697814941406,2.782566308975,-1.539137601852,2.81395816803,159.429305719576,-88.18608867603,161.227926754472
2023-12-17 11:44:04.653,56164162508,0.715637207031,0.012451171875,0.008178710938,0.6982421875,2.885162353516,-1.541807293892,2.91445350647,165.307626066477,-88.339050762493,166.985885507819
2023-12-17 11:44:04.776,56225071277,0.716064453125,0.011535644531,0.008483886719,0.697814941406,2.961050510406,-1.541018128395,2.989475250244,169.65569717135,-88.293834910187,171.284314797805
2023-12-17 11:44:04.904,56259457841,0.716552734375,0.009948730469,0.007873535156,0.697387695312,3.020944833755,-1.542046785355,3.046191215515,173.08738911604,-88.352772612535,174.533900238844
2023-12-17 11:44:05.042,56299787390,0.716979980469,0.009033203125,0.006591796875,0.696899414062,3.008880615234,-1.537477016449,3.031094551086,172.396160311656,-88.090944140892,173.668925082353
2023-12-17 11:44:05.182,56346284779,0.718811035156,0.008361816406,0.006164550781,0.695068359375,3.038784742355,-1.534704446793,3.059382677078,174.109540585711,-87.932087601176,175.289715312019
2023-12-17 11:44:05.290,56386664677,0.719177246094,0.008422851562,0.005004882812,0.694702148438,2.993016004562,-1.533707261086,3.012051105499,171.487185076533,-87.874953068769,172.577816022822
2023-12-17 11:44:05.393,56426993502,0.718505859375,0.007873535156,0.004760742188,0.695434570312,2.998393058777,-1.536812663078,3.016282558441,171.795267589235,-88.052879496648,172.820260417601
2023-12-17 11:44:05.494,56467391758,0.717346191406,0.008178710938,0.003479003906,0.696655273438,2.909946680069,-1.540561199188,2.926438808441,166.727663376058,-88.267654795099,167.672592726972
2023-12-17 11:44:05.643,56508025991,0.716674804688,0.00927734375,0.001770019531,0.697265625,2.76334643364,-1.537878394127,2.779026508331,158.328087980073,-88.113941387828,159.226490082361
2023-12-17 11:44:05.740,56549247921,0.7158203125,0.011474609375,0.000366210938,0.698120117188,2.570974111557,-1.538100123405,2.587769508362,147.305965829613,-88.126645539684,148.268271181776
2023-12-17 11:44:05.830,56589655221,0.714233398438,0.013488769531,-0.000244140625,0.69970703125,2.372468233109,-1.539226174355,2.391249656677,135.932416785978,-88.191163506584,137.008513089713
2023-12-17 11:44:05.969,56624923472,0.711303710938,0.014587402344,0.000366210938,0.70263671875,2.102584838867,-1.54205095768,2.123798847198,120.469237335284,-88.353011669156,121.684710479223
2023-12-17 11:44:06.059,56665321728,0.708923339844,0.014465332031,0.000305175781,0.705078125,1.821623802185,-1.546362161636,1.842536449432,104.371355725778,-88.60002546049,105.569562151495
2023-12-17 11:44:06.152,56709984198,0.707885742188,0.013244628906,-0.000122070312,0.706115722656,1.686764717102,-1.546109676361,1.705340027809,96.644499321526,-88.585559119828,97.708786228186
2023-12-17 11:44:06.234,56750360223,0.707458496094,0.012573242188,-0.001525878906,0.706604003906,1.620873332024,-1.548329591751,1.636500477791,92.86920105026,-88.712750902552,93.764570548557
2023-12-17 11:44:06.350,56790828687,0.708251953125,0.011413574219,-0.004028320312,0.705810546875,1.719509005547,-1.545953273773,1.729958891869,98.520608852556,-88.576597911637,99.119343235199
2023-12-17 11:44:06.431,56832108585,0.708190917969,0.008544921875,-0.0068359375,0.705871582031,1.715153455734,-1.544983625412,1.71757209301,98.271054230851,-88.521041152928,98.409631938921
2023-12-17 11:44:06.504,56872489774,0.70703125,0.005676269531,-0.007629394531,0.70703125,1.565629839897,-1.546291470528,1.56286752224,89.70398210585,-88.595975158312,89.545712962402
2023-12-17 11:44:06.748,56911631320,0.706298828125,0.003662109375,-0.008178710938,0.707824707031,1.443137049675,-1.551384210587,1.436751484871,82.685662205338,-88.887767669844,82.319796292257
2023-12-17 11:44:06.833,56952007345,0.705139160156,0.005065917969,-0.0078125,0.708923339844,1.280896902084,-1.546303629875,1.277019381523,73.389986480815,-88.596671837607,73.167820917682
2023-12-17 11:44:06.916,56989760875,0.702514648438,0.006164550781,-0.007568359375,0.711547851562,0.987180650234,-1.544423818588,0.985198795795,56.561284875401,-88.488966584585,56.44773298045
2023-12-17 11:44:07.000,57030168175,0.698974609375,0.007263183594,-0.007019042969,0.715026855469,0.725433170795,-1.538213372231,0.725777864456,41.564259005372,-88.133134219395,41.584008497357
2023-12-17 11:44:07.078,57070765646,0.694519042969,0.006958007812,-0.006774902344,0.719360351562,0.504041910172,-1.528951764107,0.504300534725,28.87947415054,-87.602483162399,28.894292245944
2023-12-17 11:44:07.145,57111178114,0.6904296875,0.005920410156,-0.004516601562,0.723327636719,0.305917710066,-1.520997285843,0.307901769876,17.52779366508,-87.146725129651,17.641471918531
2023-12-17 11:44:07.233,57154453889,0.689208984375,0.005004882812,-0.002685546875,0.724487304688,0.212676778436,-1.518243908882,0.215953201056,12.185481804805,-86.988968250391,12.373206992822
2023-12-17 11:44:07.308,57191891917,0.693359375,0.002502441406,-0.000244140625,0.720520019531,0.098934620619,-1.529742956161,0.10212109983,5.668536209186,-87.64781512792,5.851108019474
2023-12-17 11:44:07.431,57232309553,0.695007324219,0.003967285156,0.002258300781,0.718933105469,0.066748782992,-1.534613728523,0.075534276664,3.824423553097,-87.926889827218,4.327795261435
2023-12-17 11:44:07.484,57275623681,0.69677734375,0.005493164062,0.002807617188,0.717224121094,0.124500386417,-1.539871096611,0.136220037937,7.133346689437,-88.228114829993,7.804833258911
2023-12-17 11:44:07.601,57316041317,0.697387695312,0.006591796875,0.003601074219,0.716613769531,0.146798208356,-1.541222929955,0.161184668541,8.410917778875,-88.305569175181,9.235201229612
2023-12-17 11:44:07.661,57352340488,0.696350097656,0.007873535156,0.003967285156,0.717590332031,0.173034012318,-1.537649154663,0.189737692475,9.914118618016,-88.100806934054,10.871168993387
2023-12-17 11:44:07.711,57392709028,0.695068359375,0.009155273438,0.00341796875,0.718811035156,0.227585807443,-1.533598184586,0.245323270559,13.039706243542,-87.868703445678,14.055988019395
2023-12-17 11:44:07.780,57436519863,0.692932128906,0.009826660156,0.002014160156,0.720886230469,0.263719111681,-1.528131961823,0.280442357063,15.10999207626,-87.555511951476,16.068163456428
2023-12-17 11:44:07.844,57478553003,0.689575195312,0.010498046875,0.001037597656,0.724060058594,0.25902235508,-1.518055796623,0.275307804346,14.840887745603,-86.978190211881,15.773975256044
2023-12-17 11:44:07.951,57518970639,0.687377929688,0.011047363281,0,0.726135253906,0.269312977791,-1.511774420738,0.284912884235,15.430496995515,-86.618293884135,16.324305795587
2023-12-17 11:44:08.004,57557961720,0.686340332031,0.011413574219,0,0.727111816406,0.264375865459,-1.509018421173,0.280495584011,15.147621295945,-86.460386740713,16.071213135892
2023-12-17 11:44:08.053,57598330260,0.686828613281,0.0126953125,-0.000610351562,0.726684570312,0.313481628895,-1.510787367821,0.330570995808,17.961174290559,-86.561739917807,18.940322889215
2023-12-17 11:44:08.138,57638807853,0.688171386719,0.013000488281,-0.000427246094,0.725402832031,0.336995184422,-1.514076590538,0.35477155447,19.308401783587,-86.750198497386,20.32691276243
2023-12-17 11:44:08.222,57679176393,0.688598632812,0.012878417969,-0.000244140625,0.724975585938,0.336809307337,-1.514719486237,0.354660987854,19.297751811124,-86.78703370758,20.320577761975
2023-12-17 11:44:08.270,57717950046,0.689331054688,0.013122558594,-0.000305175781,0.724304199219,0.357298642397,-1.517175555229,0.375421255827,20.471704235098,-86.92775609505,21.510053498385
2023-12-17 11:44:08.316,57760240249,0.690734863281,0.012817382812,-0.001037597656,0.722961425781,0.397336751223,-1.520248532295,0.413987159729,22.765718890495,-87.103824711474,23.71971702508
2023-12-17 11:44:08.373,57800657885,0.690551757812,0.012451171875,-0.000915527344,0.723083496094,0.380700200796,-1.518453121185,0.396980196238,21.812514765401,-87.000955232385,22.745289794688
2023-12-17 11:44:08.467,57841344866,0.689392089844,0.013061523438,-0.000427246094,0.724182128906,0.360082238913,-1.515648126602,0.377917051315,20.631192567312,-86.840240881214,21.653052046396
2023-12-17 11:44:08.509,57881762502,0.688598632812,0.014221191406,0.001037597656,0.724914550781,0.33666524291,-1.513864636421,0.358206987381,19.289497527512,-86.738054421042,20.523748569026
2023-12-17 11:44:08.552,57922210093,0.688720703125,0.015075683594,0.0029296875,0.724792480469,0.311464637518,-1.515067219734,0.336892813444,17.845609197349,-86.806957369389,19.302536358637
2023-12-17 11:44:08.680,57962557961,0.688232421875,0.016418457031,0.003967285156,0.725219726562,0.30970415473,-1.513687849045,0.338494449854,17.744740963687,-86.727925250503,19.394303365231
2023-12-17 11:44:08.716,58002886950,0.688354492188,0.018249511719,0.004333496094,0.725036621094,0.345773309469,-1.512867689133,0.377652078867,19.811351300857,-86.680933549013,21.637870243418
2023-12-17 11:44:08.765,58041540910,0.688842773438,0.020263671875,0.004211425781,0.724548339844,0.404493719339,-1.513699293137,0.439068108797,23.175782957695,-86.728580948663,25.156749552863
2023-12-17 11:44:08.821,58081998598,0.688659667969,0.022338867188,0.003784179688,0.724670410156,0.456622809172,-1.511993050575,0.493535220623,26.162559794945,-86.630820451073,28.277485182757
2023-12-17 11:44:08.930,58123885821,0.688171386719,0.024230957031,0.003112792969,0.72509765625,0.499704658985,-1.509693145752,0.538363933563,28.630967962872,-86.499045611416,30.845981235235
2023-12-17 11:44:08.995,58164364181,0.687927246094,0.025451660156,0.002990722656,0.725219726562,0.520719230175,-1.506739497185,0.560880661011,29.83501420033,-86.32981401435,32.136094686423
2023-12-17 11:44:09.067,58204994437,0.687927246094,0.026550292969,0.003356933594,0.725219726562,0.534439146519,-1.507147669792,0.576704263687,30.621107502096,-86.353200582068,33.042720336473
2023-12-17 11:44:09.296,58245452125,0.688110351562,0.026794433594,0.004211425781,0.725036621094,0.526204109192,-1.508113741875,0.570023775101,30.149274619137,-86.408552435102,32.659956535385
2023-12-17 11:44:09.327,58285868012,0.688110351562,0.02734375,0.00439453125,0.724975585938,0.533132970333,-1.507016658783,0.577954411507,30.54626911936,-86.34569420417,33.114348530298
2023-12-17 11:44:09.397,58326529196,0.688293457031,0.02783203125,0.004821777344,0.724792480469,0.538300096989,-1.507670879364,0.58442491293,30.842323668934,-86.383178282335,33.485080953163
2023-12-17 11:44:09.495,58366977840,0.689392089844,0.028747558594,0.005065917969,0.723693847656,0.578896820545,-1.50928747654,0.62664270401,33.168344590782,-86.47580247767,35.903982202439
2023-12-17 11:44:09.540,58407058616,0.690002441406,0.029235839844,0.005554199219,0.72314453125,0.595098674297,-1.511928200722,0.644275665283,34.096642431068,-86.627104828164,36.914276463711
2023-12-17 11:44:09.588,58447498216,0.690307617188,0.029846191406,0.005676269531,0.722778320312,0.613301753998,-1.511082172394,0.663466334343,35.139602072045,-86.578630975625,38.013820806867
2023-12-17 11:44:09.712,58487438364,0.690490722656,0.029724121094,0.0068359375,0.722595214844,0.591996490955,-1.512426733971,0.643617808819,33.918900418296,-86.655668679273,36.876584064776
2023-12-17 11:44:09.773,58527887008,0.690612792969,0.027954101562,0.0087890625,0.722595214844,0.513384640217,-1.517094492912,0.56532907486,29.414773151266,-86.923111566414,32.390970025492
2023-12-17 11:44:09.813,58568742988,0.689575195312,0.026611328125,0.009765625,0.723571777344,0.433324575424,-1.514825940132,0.484688282013,24.827669331105,-86.793133066509,27.770592938788
2023-12-17 11:44:09.957,58609916817,0.688903808594,0.026184082031,0.009033203125,0.724243164062,0.426053643227,-1.51318359375,0.475792020559,24.411075603058,-86.699033550314,27.26087470405
2023-12-17 11:44:10.042,58650359001,0.687866210938,0.024719238281,0.007263183594,0.725341796875,0.412904709578,-1.511378526688,0.458120167255,23.657697199869,-86.595610825901,26.248352093562
2023-12-17 11:44:10.083,58689777158,0.686645507812,0.023254394531,0.004760742188,0.7265625,0.413642674685,-1.507590651512,0.453249543905,23.699979485926,-86.378581565024,25.969285932001
2023-12-17 11:44:10.121,58730219342,0.685485839844,0.021301269531,0.003356933594,0.727722167969,0.383928537369,-1.504898071289,0.418789833784,21.997484825861,-86.224308082241,23.994889978814
2023-12-17 11:44:10.154,58770576382,0.686157226562,0.021606445312,0.002502441406,0.72705078125,0.419260680676,-1.505216598511,0.453322380781,24.021867518489,-86.242558347703,25.973459177584
2023-12-17 11:44:10.227,58811015982,0.688598632812,0.018798828125,0.004638671875,0.724853515625,0.355491578579,-1.514944314957,0.388627111912,20.368167105017,-86.799915444355,22.266693316903
2023-12-17 11:44:10.286,58851494888,0.688537597656,0.015563964844,0.007629394531,0.724914550781,0.197922095656,-1.516005039215,0.230667620897,11.340100753496,-86.860690467589,13.216281147739
2023-12-17 11:44:10.316,58892791501,0.688903808594,0.013610839844,0.010925292969,0.724609375,0.057660948485,-1.519210457802,0.092341065407,3.30372899092,-87.044347424182,5.290753323551
2023-12-17 11:44:10.344,58933231101,0.690063476562,0.013000488281,0.0126953125,0.723449707031,-0.009016532451,-1.521445870399,0.027257852256,-0.51660925528,-87.172427131498,1.561759892877
2023-12-17 11:44:10.398,58972636734,0.689208984375,0.013366699219,0.014404296875,0.724243164062,-0.049177125096,-1.5197006464,-0.009947569109,-2.817641716606,-87.072433162049,-0.569953726389
2023-12-17 11:44:10.430,59013059538,0.68896484375,0.01318359375,0.015625,0.724426269531,-0.088913016021,-1.518263101578,-0.048247158527,-5.094340561797,-86.990067910848,-2.764358557117
2023-12-17 11:44:10.456,59051367540,0.689086914062,0.012756347656,0.017028808594,0.724304199219,-0.141544505954,-1.518859028816,-0.099478580058,-8.109902804416,-87.024212026509,-5.699702789256
2023-12-17 11:44:10.486,59091790344,0.687927246094,0.014953613281,0.018127441406,0.725341796875,-0.10786062479,-1.5161434412,-0.061127193272,-6.179958576122,-86.868620317216,-3.502330187973
2023-12-17 11:44:10.511,59134289501,0.685729980469,0.016296386719,0.019470214844,0.727355957031,-0.101262405515,-1.510358452797,-0.05072215572,-5.801908459336,-86.537164897173,-2.906165450561
2023-12-17 11:44:10.551,59175617725,0.684326171875,0.018798828125,0.020141601562,0.728576660156,-0.057783305645,-1.506371855736,-0.002776819747,-3.310739539772,-86.30874971095,-0.159100051968
2023-12-17 11:44:10.620,59216014406,0.679260253906,0.01953125,0.021301269531,0.733276367188,-0.061594508588,-1.49335706234,-0.003853621194,-3.529105383293,-85.563056978125,-0.220796230266
2023-12-17 11:44:10.676,59255584409,0.67626953125,0.019287109375,0.021484375,0.736022949219,-0.065542094409,-1.485079169273,-0.007885686122,-3.75528539011,-85.088768642159,-0.451816533349
2023-12-17 11:44:10.745,59296003337,0.674560546875,0.017578125,0.021667480469,0.737670898438,-0.092456795275,-1.48097884655,-0.036910910159,-5.297384156575,-84.853837455467,-2.114839370117
2023-12-17 11:44:10.781,59336011141,0.674377441406,0.018188476562,0.021301269531,0.73779296875,-0.076924018562,-1.479954600334,-0.021068094298,-4.407421606779,-84.795152470118,-1.207112885673
2023-12-17 11:44:10.812,59376389748,0.6748046875,0.019287109375,0.021545410156,0.737426757812,-0.064949087799,-1.482101559639,-0.007140995003,-3.721308614084,-84.91816417707,-0.409148875212
2023-12-17 11:44:10.848,59417235178,0.674560546875,0.020385742188,0.021911621094,0.737548828125,-0.054107263684,-1.480610728264,0.005718252156,-3.10011785011,-84.83274583131,0.327631714726
2023-12-17 11:44:10.871,59458680340,0.675964355469,0.021911621094,0.021179199219,0.736267089844,-0.018346272409,-1.484848976135,0.042621117085,-1.051163978831,-85.075579546872,2.442010127116
2023-12-17 11:44:10.900,59499058947,0.677490234375,0.02392578125,0.0205078125,0.734802246094,0.028088133782,-1.488602519035,0.090929888189,1.609331520116,-85.290641713268,5.209898824817
2023-12-17 11:44:10.921,59536281037,0.679626464844,0.027648925781,0.02001953125,0.732666015625,0.108918331563,-1.493130087852,0.176271781325,6.240560710194,-85.550052297945,10.099629117195
2023-12-17 11:44:10.945,59576659644,0.681335449219,0.030517578125,0.021301269531,0.73095703125,0.146761968732,-1.498034596443,0.22001196444,8.408841401368,-85.831059940777,12.605757004814
2023-12-17 11:44:10.969,59618542424,0.680786132812,0.032348632812,0.022277832031,0.731384277344,0.157665073872,-1.496940016747,0.234924674034,9.033543309462,-85.768345143818,13.460192325642
2023-12-17 11:44:10.992,59658921031,0.679565429688,0.033508300781,0.0244140625,0.732360839844,0.129375874996,-1.493451118469,0.211249738932,7.412691608094,-85.56844599738,12.103718464024
2023-12-17 11:44:11.014,59700195433,0.677673339844,0.034729003906,0.025939941406,0.734069824219,0.111622974277,-1.489790797234,0.197496637702,6.395525322743,-85.358725038914,11.315723808348
2023-12-17 11:44:11.044,59741488326,0.678039550781,0.036315917969,0.026245117188,0.733642578125,0.134850338101,-1.490569472313,0.223400294781,7.726355239122,-85.403339834573,12.799894032914
2023-12-17 11:44:11.075,59781870806,0.680541992188,0.038208007812,0.025634765625,0.731201171875,0.197844058275,-1.495746850967,0.28812032938,11.335629540911,-85.699981780416,16.508078865395
2023-12-17 11:44:11.132,59820306660,0.683959960938,0.040161132812,0.025207519531,0.727905273438,0.281279414892,-1.503564715385,0.373673200607,16.116123337232,-86.147912416374,21.409897311944
2023-12-17 11:44:11.161,59860720420,0.686096191406,0.041076660156,0.0263671875,0.725830078125,0.306521266699,-1.509871006012,0.401893347502,17.562374912847,-86.509236253657,23.026792626235
2023-12-17 11:44:11.229,59900723711,0.687683105469,0.042907714844,0.028259277344,0.72412109375,0.331280678511,-1.513460636139,0.431842893362,18.980984712891,-86.714906909945,24.742775202363
2023-12-17 11:44:11.251,59941137471,0.690673828125,0.046447753906,0.030883789062,0.720947265625,0.419355601072,-1.520746469498,0.528621554375,24.027306056615,-87.132354411637,30.287784025315
2023-12-17 11:44:11.276,59978997676,0.692443847656,0.049926757812,0.030944824219,0.719055175781,0.562009572983,-1.523901820183,0.676411747932,32.200776577863,-87.313142688779,38.755538369595
2023-12-17 11:44:11.301,60019397224,0.6953125,0.051818847656,0.030517578125,0.716125488281,0.737312912941,-1.526628255844,0.853680431843,42.244918092015,-87.469355945286,48.912285797498
2023-12-17 11:44:11.323,60063065983,0.697937011719,0.052734375,0.029357910156,0.713562011719,0.922084510326,-1.529296636581,1.038158535957,52.831550796089,-87.622242899667,59.482102575836
2023-12-17 11:44:11.369,60104174069,0.69970703125,0.053588867188,0.025207519531,0.7119140625,1.107181787491,-1.525278687477,1.218623399734,63.436843576976,-87.392031373692,69.821977620671
2023-12-17 11:44:11.397,60144542348,0.703063964844,0.053588867188,0.021545410156,0.708740234375,1.341195225716,-1.52364563942,1.447510957718,76.844825936602,-87.298464612252,82.936268676175
2023-12-17 11:44:11.420,60184102245,0.7041015625,0.05419921875,0.020385742188,0.707702636719,1.41099691391,-1.521778106689,1.516547322273,80.844168073022,-87.191462868715,86.891760998124
2023-12-17 11:44:11.454,60224512129,0.703918457031,0.057189941406,0.020812988281,0.707580566406,1.41287446022,-1.516728162766,1.523259878159,80.95174355245,-86.902122395095,87.276362120098
2023-12-17 11:44:11.492,60265077108,0.705139160156,0.058837890625,0.019470214844,0.706298828125,1.484496116638,-1.513676404953,1.595339775085,85.055362186928,-86.727269552342,91.406236001746
2023-12-17 11:44:11.546,60305486992,0.701904296875,0.059020996094,0.019470214844,0.70947265625,1.324185967445,-1.511831998825,1.435254812241,75.870267225068,-86.621592865504,82.234043267228
2023-12-17 11:44:11.565,60346655505,0.69873046875,0.058837890625,0.018676757812,0.712646484375,1.180833220482,-1.509035825729,1.29050552845,67.656759842452,-86.461383948332,73.940520218486
2023-12-17 11:44:11.592,60386142580,0.695983886719,0.058044433594,0.017028808594,0.715393066406,1.073471188545,-1.504164457321,1.179640173912,61.505368532534,-86.182275098089,67.588403309239
2023-12-17 11:44:11.616,60426536960,0.6953125,0.056640625,0.015991210938,0.716247558594,1.042915940285,-1.505107522011,1.145687103271,59.754681765233,-86.236308724613,65.643035660025
2023-12-17 11:44:11.635,60463465922,0.696533203125,0.054931640625,0.016357421875,0.715148925781,1.068997502327,-1.508288025856,1.16982448101,61.249045193362,-86.418538171669,67.02600553298
2023-12-17 11:44:11.659,60503860302,0.697875976562,0.0537109375,0.017150878906,0.713928222656,1.105392813683,-1.512634515762,1.205624222755,63.334342928101,-86.667573698996,69.077179642626
2023-12-17 11:44:11.691,60540307894,0.700012207031,0.054504394531,0.017578125,0.711791992188,1.210035204887,-1.514974236488,1.312029242516,69.329910302295,-86.801629821836,75.173738193888
2023-12-17 11:44:11.710,60580702274,0.700988769531,0.05517578125,0.017822265625,0.710754394531,1.262007236481,-1.514724850655,1.365291714668,72.307688365313,-86.787341066093,78.225453054672
2023-12-17 11:44:11.736,60629435071,0.701171875,0.055480957031,0.018432617188,0.710571289062,1.269518971443,-1.516210079193,1.37412238121,72.738079075483,-86.872438392962,78.731412977819
2023-12-17 11:44:11.759,60669181021,0.700500488281,0.054992675781,0.018737792969,0.711181640625,1.229560136795,-1.51470041275,1.333842515945,70.448606495884,-86.785940877313,76.423546698785
2023-12-17 11:44:11.779,60709575401,0.700073242188,0.054870605469,0.019226074219,0.711608886719,1.203075885773,-1.515409708023,1.307876467705,68.931170688739,-86.826580502874,74.935801723962
2023-12-17 11:44:11.799,60750654051,0.69970703125,0.055969238281,0.02001953125,0.7119140625,1.188722014427,-1.51608133316,1.296244263649,68.108754440967,-86.865061788658,74.26932552513
2023-12-17 11:44:11.820,60791047139,0.699645996094,0.056762695312,0.020141601562,0.711853027344,1.192349433899,-1.513812184334,1.301125645638,68.316590267221,-86.735049137807,74.549008111264
2023-12-17 11:44:11.840,60822658614,0.699340820312,0.057495117188,0.01953125,0.712158203125,1.189594388008,-1.512969732285,1.298586726189,68.158737765313,-86.686780190943,74.403538742321
2023-12-17 11:44:11.862,60863051702,0.698608398438,0.057067871094,0.018615722656,0.712951660156,1.159521579742,-1.512013316154,1.266625165939,66.435692773583,-86.631981583232,72.572276233381
2023-12-17 11:44:11.891,60911855147,0.697937011719,0.055480957031,0.017211914062,0.713745117188,1.126423597336,-1.510922670364,1.229268193245,64.539318071286,-86.569492182515,70.431879362607
2023-12-17 11:44:11.909,60953605025,0.697082519531,0.054565429688,0.016418457031,0.714660644531,1.087428808212,-1.509904265404,1.187842965126,62.305081231505,-86.511141876436,68.058388626027
2023-12-17 11:44:12.012,60994007157,0.69775390625,0.053649902344,0.015991210938,0.714111328125,1.110959768295,-1.511860370636,1.209496855736,63.653305932152,-86.623218450526,69.299065168004
2023-12-17 11:44:12.037,61033592585,0.697021484375,0.052307128906,0.014831542969,0.714965820312,1.076283216476,-1.511536359787,1.171289563179,61.666485864865,-86.604653996362,67.109948557879
2023-12-17 11:44:12.062,61073985673,0.695251464844,0.0517578125,0.014099121094,0.716674804688,1.005239725113,-1.507506728172,1.098364591599,57.595993647861,-86.373773111848,62.931655465205
2023-12-17 11:44:12.087,61114278436,0.697021484375,0.050659179688,0.013793945312,0.715087890625,1.068704128265,-1.511810779572,1.159889936447,61.232236097814,-86.620377091832,66.456798058119
2023-12-17 11:44:12.122,61154671524,0.697937011719,0.049926757812,0.013488769531,0.714233398438,1.10410130024,-1.512938737869,1.193801879883,63.260344658634,-86.685004341758,68.399809292069
2023-12-17 11:44:12.144,61195210549,0.697265625,0.046875,0.011901855469,0.715087890625,1.055851697922,-1.512964606285,1.138946771622,60.495846082638,-86.686486492808,65.256843103974
2023-12-17 11:44:12.166,61236062079,0.700134277344,0.044921875,0.011474609375,0.71240234375,1.176676630974,-1.517602086067,1.256405949593,67.418604806472,-86.9521945119,71.986758266782
2023-12-17 11:44:12.194,61276471963,0.704772949219,0.043029785156,0.012390136719,0.707946777344,1.426066160202,-1.524961471558,1.504465103149,81.707572286003,-87.373856240311,86.199500835175
2023-12-17 11:44:12.214,61315222564,0.706176757812,0.035034179688,0.009887695312,0.70703125,1.502358317375,-1.532608032227,1.565904974937,86.078790901974,-87.811971894432,89.719746182454
2023-12-17 11:44:12.238,61355663725,0.706298828125,0.027954101562,0.006896972656,0.707214355469,1.497312903404,-1.536008119583,1.546601295471,85.789709975542,-88.006782549939,88.613726819965
2023-12-17 11:44:12.265,61397133966,0.707580566406,0.025085449219,0.006530761719,0.706115722656,1.625003933907,-1.542340636253,1.669732451439,93.105867105001,-88.369609028839,95.668622383482
2023-12-17 11:44:12.289,61437543850,0.707824707031,0.021911621094,0.006103515625,0.705993652344,1.664542555809,-1.546587586403,1.704175710678,95.371263267776,-88.61294134821,97.642075770563
2023-12-17 11:44:12.309,61476083584,0.706665039062,0.019592285156,0.006164550781,0.707153320312,1.509042620659,-1.545600652695,1.545462965965,86.461773269115,-88.556394212072,88.54850534358
2023-12-17 11:44:12.339,61511082663,0.707275390625,0.018676757812,0.007629394531,0.706604003906,1.60872399807,-1.551414847374,1.645939826965,92.173095490809,-88.889523028461,94.305405417607
2023-12-17 11:44:12.359,61551492547,0.70751953125,0.018676757812,0.010131835938,0.706298828125,1.683641672134,-1.551765561104,1.724436283112,96.46556202565,-88.909617444999,98.80292106152
2023-12-17 11:44:12.381,61599190627,0.707641601562,0.018432617188,0.011901855469,0.706176757812,1.762069940567,-1.555228471756,1.805047988892,100.959170801358,-89.108027610199,103.421631582066
2023-12-17 11:44:12.399,61639647023,0.707763671875,0.018188476562,0.013244628906,0.705993652344,1.874727845192,-1.552634239197,1.919453144073,107.413993265154,-88.959389033481,109.976564128527
2023-12-17 11:44:12.418,61679947836,0.70703125,0.018615722656,0.015563964844,0.706726074219,1.633340954781,-1.559334635735,1.681738972664,93.583543214795,-89.34329347616,96.356545376307
2023-12-17 11:44:12.436,61720357720,0.706909179688,0.020141601562,0.016906738281,0.706726074219,1.573596119881,-1.554262876511,1.626041769981,90.160416327325,-89.052703077922,93.165330731916
2023-12-17 11:44:12.457,61756395867,0.706481933594,0.021728515625,0.017700195312,0.707092285156,1.372397780418,-1.554367780685,1.427975296974,78.632600631096,-89.058713644391,81.816957765561
2023-12-17 11:44:12.476,61796805751,0.705810546875,0.022705078125,0.018432617188,0.707763671875,1.106628775597,-1.559062242508,1.164643883705,63.405158329416,-89.327686493906,66.72917917203
2023-12-17 11:44:12.495,61841555129,0.705017089844,0.022521972656,0.018737792969,0.70849609375,0.785959541798,-1.553343892097,0.843636989594,45.032164613041,-89.00004914961,48.33683894483
2023-12-17 11:44:12.515,61882961526,0.704162597656,0.022644042969,0.018981933594,0.709350585938,0.57890355587,-1.553825259209,0.637230873108,33.16873049647,-89.027629453478,36.51063960452
2023-12-17 11:44:12.572,61923376578,0.704162597656,0.022644042969,0.018981933594,0.709350585938,0.57890355587,-1.553825259209,0.637230873108,33.16873049647,-89.027629453478,36.51063960452
2023-12-17 11:44:12.592,61961222312,0.704162597656,0.022521972656,0.018005371094,0.709350585938,0.678285598755,-1.551167368889,0.734968423843,38.862902113159,-88.875343555744,42.110588761608
2023-12-17 11:44:12.620,62001637364,0.704223632812,0.021728515625,0.015991210938,0.709411621094,0.803928613663,-1.554291844368,0.857031345367,46.061716592677,-89.05436281389,49.104278999973
2023-12-17 11:44:12.647,62043668449,0.704223632812,0.020263671875,0.013916015625,0.70947265625,0.848377466202,-1.551759362221,0.896422386169,48.608448247365,-88.909262275162,51.361219388555
2023-12-17 11:44:12.673,62084922041,0.70263671875,0.020446777344,0.013366699219,0.711059570312,0.671121418476,-1.549808382988,0.718716263771,38.452424819514,-88.797479399206,41.179408581493
2023-12-17 11:44:12.696,62125368374,0.700744628906,0.01953125,0.014526367188,0.712951660156,0.363782167435,-1.548956513405,0.411801725626,20.843182856129,-88.748670867397,23.594500874574
2023-12-17 11:44:12.727,62161773463,0.69873046875,0.019348144531,0.016296386719,0.714904785156,0.160954117775,-1.545581698418,0.211273282766,9.221991643757,-88.555308211994,12.105067426385
2023-12-17 11:44:12.748,62202219796,0.696655273438,0.020446777344,0.0185546875,0.716857910156,0.065743722022,-1.541281461716,0.120867833495,3.766837801318,-88.308922798064,6.925216738161
2023-12-17 11:44:12.778,62245471362,0.695190429688,0.021362304688,0.020141601562,0.718139648438,0.023693611845,-1.534687995911,0.082186475396,1.357543960161,-87.93114503507,4.708938173256
2023-12-17 11:44:12.801,62285886414,0.692626953125,0.0224609375,0.020751953125,0.720581054688,0.030417520553,-1.528839349747,0.091407090425,1.742795550932,-87.596042294011,5.237240498951
2023-12-17 11:44:12.823,62326362724,0.689086914062,0.024169921875,0.021118164062,0.723937988281,0.055255521089,-1.520456552505,0.119279198349,3.165908153187,-87.115743391576,6.834194649074
2023-12-17 11:44:12.849,62365112231,0.684265136719,0.025390625,0.020385742188,0.728454589844,0.080291859806,-1.50671339035,0.144998624921,4.600384696116,-86.328318202922,8.307809243165
2023-12-17 11:44:12.872,62405522115,0.679565429688,0.025756835938,0.019165039062,0.732849121094,0.091180875897,-1.493642687798,0.154692798853,5.224279361228,-85.579422111376,8.863244495339
2023-12-17 11:44:12.892,62446499840,0.677001953125,0.027648925781,0.019226074219,0.735168457031,0.110543064773,-1.486915946007,0.176857203245,6.333651065939,-85.19400819689,10.133171322435
2023-12-17 11:44:12.919,62486941001,0.675476074219,0.030395507812,0.019409179688,0.736450195312,0.142889708281,-1.482323884964,0.213351532817,8.186977220332,-84.930902479872,12.224142383054
2023-12-17 11:44:12.940,62527938205,0.67333984375,0.033935546875,0.019165039062,0.738220214844,0.185995057225,-1.475333929062,0.261098623276,10.6567317893,-84.530407507699,14.959849150377
2023-12-17 11:44:12.963,62568350673,0.672119140625,0.035095214844,0.019592285156,0.739318847656,0.187913939357,-1.472735285759,0.265329957008,10.766675636822,-84.381516213982,15.202286714967
2023-12-17 11:44:12.985,62608302696,0.672485351562,0.036499023438,0.020690917969,0.738891601562,0.193118870258,-1.473783135414,0.274081289768,11.064896210137,-84.441553576787,15.703701147221
2023-12-17 11:44:13.005,62648706120,0.671936035156,0.038940429688,0.021240234375,0.739196777344,0.214436918497,-1.471157073975,0.299576669931,12.286330401674,-84.291091339561,17.164478827654
2023-12-17 11:44:13.022,62690218446,0.671875,0.039794921875,0.021545410156,0.739196777344,0.22099724412,-1.470859766006,0.307778388262,12.662209372078,-84.274056847771,17.63440267274
2023-12-17 11:44:13.046,62730135741,0.671813964844,0.039245605469,0.022583007812,0.739318847656,0.198164194822,-1.472187042236,0.285717666149,11.353972013927,-84.350104173989,16.370416402674
2023-12-17 11:44:13.066,62770537873,0.671264648438,0.038696289062,0.02392578125,0.739807128906,0.16786582768,-1.471401929855,0.256548851728,9.618003450513,-84.305120548116,14.699166442967
2023-12-17 11:44:13.084,62811486390,0.671020507812,0.0380859375,0.025695800781,0.739929199219,0.132562398911,-1.470481157303,0.222797885537,7.595265979703,-84.252364166967,12.765378525717
2023-12-17 11:44:13.114,62851888522,0.673461914062,0.037780761719,0.028625488281,0.737670898438,0.094561494887,-1.478563070297,0.188565164804,5.417974561466,-84.715423671937,10.803988106484
2023-12-17 11:44:13.157,62890959477,0.676086425781,0.038696289062,0.030517578125,0.735107421875,0.08858858794,-1.485379099846,0.186492711306,5.075752201971,-85.105953398111,10.685245267764
2023-12-17 11:44:13.174,62931361609,0.676696777344,0.03955078125,0.031982421875,0.734436035156,0.079591728747,-1.48723590374,0.180769607425,4.560270141347,-85.212340424623,10.357335569674
2023-12-17 11:44:13.190,62937661909,0.676513671875,0.040283203125,0.032775878906,0.734558105469,0.076841510832,-1.487318873405,0.180230110884,4.4026942621,-85.217094236285,10.326424694812
2023-12-17 11:44:13.205,62978064041,0.675720214844,0.041320800781,0.0322265625,0.735229492188,0.099458701909,-1.484538555145,0.203503295779,5.698563855212,-85.057793734273,11.659879965152
2023-12-17 11:44:13.224,63052724311,0.673400878906,0.041442871094,0.031188964844,0.737365722656,0.107358947396,-1.477709531784,0.21008887887,6.151214578774,-84.666519517479,12.037206081887
2023-12-17 11:44:13.241,63095218921,0.671447753906,0.041198730469,0.029357910156,0.7392578125,0.12277930975,-1.472420454025,0.222628638148,7.034736260182,-84.363477684384,12.755681364643
2023-12-17 11:44:13.326,63135633973,0.669982910156,0.041809082031,0.027404785156,0.740600585938,0.151986986399,-1.46751332283,0.249916523695,8.708212861558,-84.08231977739,14.319162038304
2023-12-17 11:44:13.352,63175150071,0.670349121094,0.0439453125,0.025329589844,0.740234375,0.211028769612,-1.467378616333,0.309067368507,12.091057854624,-84.074601663628,17.708255800688
2023-12-17 11:44:13.385,63215552203,0.671447753906,0.044982910156,0.024230957031,0.739196777344,0.247874140739,-1.46920478344,0.345799654722,14.202142114802,-84.179233331523,19.812860772664
2023-12-17 11:44:13.418,63255607850,0.671264648438,0.043640136719,0.024719238281,0.739440917969,0.222041890025,-1.469546318054,0.318773657084,12.722063173548,-84.198801823495,18.264385170836
2023-12-17 11:44:13.454,63297045785,0.671508789062,0.042175292969,0.025695800781,0.7392578125,0.190278068185,-1.470791697502,0.286294966936,10.902130240895,-84.270156809754,16.403493301277
2023-12-17 11:44:13.483,63337425953,0.672485351562,0.041687011719,0.025756835938,0.738403320312,0.189113259315,-1.473580241203,0.284526467323,10.835391608741,-84.429928594819,16.302165737392
2023-12-17 11:44:13.514,63372953809,0.673217773438,0.040222167969,0.026062011719,0.737854003906,0.168633744121,-1.476627707481,0.262462198734,9.662001821599,-84.604535550762,15.037976269198
2023-12-17 11:44:13.544,63413333977,0.673461914062,0.039245605469,0.025817871094,0.737670898438,0.159935563803,-1.477092862129,0.252003222704,9.163632799941,-84.631186948903,14.438721084631
2023-12-17 11:44:13.573,63457892572,0.673889160156,0.038757324219,0.025390625,0.737365722656,0.162089034915,-1.478825569153,0.252917766571,9.287017605976,-84.730463748489,14.491120588396
2023-12-17 11:44:13.649,63498272740,0.674438476562,0.039733886719,0.024291992188,0.73681640625,0.197196796536,-1.47916829586,0.287807285786,11.298544175038,-84.750100542353,16.490142788635
2023-12-17 11:44:13.699,63536746696,0.675476074219,0.040954589844,0.023559570312,0.735778808594,0.234816208482,-1.480563163757,0.326052874327,13.453977707271,-84.830020585831,18.68145359703
2023-12-17 11:44:13.751,63579905266,0.676391601562,0.040954589844,0.023620605469,0.734985351562,0.241753742099,-1.48371219635,0.333140045404,13.851469103756,-85.010446862946,19.087518588471
2023-12-17 11:44:13.802,63620273806,0.6767578125,0.040832519531,0.023681640625,0.734619140625,0.242188245058,-1.484194636345,0.333436638117,13.876364289507,-85.038088638517,19.104512099126
2023-12-17 11:44:13.822,63649821795,0.676086425781,0.039672851562,0.0244140625,0.735290527344,0.206664308906,-1.483327269554,0.297330319881,11.840992676279,-84.988392182116,17.035772450481
2023-12-17 11:44:13.865,63690190335,0.675354003906,0.0390625,0.025146484375,0.736022949219,0.179995134473,-1.482638716698,0.270911127329,10.312961538184,-84.94894100947,15.522064219076
2023-12-17 11:44:13.887,63740625553,0.676025390625,0.03515625,0.026733398438,0.735473632812,0.096794344485,-1.484483838081,0.184311658144,5.545907419715,-85.054658677444,10.560280126709
2023-12-17 11:44:13.903,63781071613,0.675964355469,0.029663085938,0.029174804688,0.735717773438,-0.033459778875,-1.485550403595,0.049790933728,-1.917104112985,-85.115768379948,2.852810360642
2023-12-17 11:44:13.934,63820830783,0.675476074219,0.02587890625,0.029846191406,0.736267089844,-0.104520887136,-1.483664274216,-0.025691989809,-5.988605703882,-85.0077011269,-1.472042583365
2023-12-17 11:44:13.952,63862827322,0.674865722656,0.024230957031,0.028137207031,0.736938476562,-0.099811002612,-1.481689333916,-0.025742201135,-5.718749198643,-84.89454538292,-1.474919480387
2023-12-17 11:44:14.038,63903206198,0.673828125,0.0244140625,0.025268554688,0.737976074219,-0.048436149955,-1.478806138039,0.021829416975,-2.775186968273,-84.729350427654,1.25073346192
2023-12-17 11:44:14.055,63942561818,0.672241210938,0.0263671875,0.021423339844,0.739501953125,0.039500698447,-1.47460436821,0.107126429677,2.263223308845,-84.488606749979,6.137892294798
2023-12-17 11:44:14.073,63982971702,0.671691894531,0.028259277344,0.018737792969,0.739990234375,0.105136066675,-1.472267627716,0.171630501747,6.023852895094,-84.354721381868,9.833703385823
2023-12-17 11:44:14.091,64023511237,0.671142578125,0.029541015625,0.017700195312,0.740478515625,0.135589852929,-1.47054541111,0.202448174357,7.768726317638,-84.256045638929,11.599425960808
2023-12-17 11:44:14.107,64063921121,0.670776367188,0.031616210938,0.017456054688,0.74072265625,0.164853721857,-1.468990564346,0.234300628304,9.445422499434,-84.166959481585,13.42443713911
2023-12-17 11:44:14.122,64104452503,0.671630859375,0.032958984375,0.017822265625,0.739929199219,0.182117849588,-1.471693634987,0.254028230906,10.434584155413,-84.321834021015,14.554745508062
2023-12-17 11:44:14.140,64145679299,0.671264648438,0.033264160156,0.018615722656,0.740173339844,0.172556817532,-1.470183968544,0.245969295502,9.886777370769,-84.235336505366,14.093002522054
2023-12-17 11:44:14.156,64186157957,0.667602539062,0.03173828125,0.019958496094,0.743469238281,0.117252372205,-1.46074795723,0.190389558673,6.718066065258,-83.694692881613,10.908518175316
2023-12-17 11:44:14.173,64225289855,0.665771484375,0.030639648438,0.021728515625,0.7451171875,0.074647776783,-1.456603288651,0.148758009076,4.277002559673,-83.45722086455,8.52320608883
2023-12-17 11:44:14.190,64265737207,0.665832519531,0.031127929688,0.022644042969,0.745056152344,0.068540886045,-1.45737695694,0.144676670432,3.927103494437,-83.501548792264,8.289362609764
2023-12-17 11:44:14.210,64301171508,0.665893554688,0.030944824219,0.02392578125,0.744934082031,0.049640722573,-1.457372188568,0.127297490835,2.844203895401,-83.501275584697,7.293608967462
2023-12-17 11:44:14.228,64341618860,0.664733886719,0.030090332031,0.025695800781,0.745971679688,0.014506449923,-1.454901218414,0.093493565917,0.831158356301,-83.359699423581,5.356786738673
2023-12-17 11:44:14.257,64383322746,0.665283203125,0.030151367188,0.027160644531,0.745422363281,-0.003299526405,-1.456469535828,0.077839374542,-0.189048937375,-83.449557392302,4.459867641208
2023-12-17 11:44:14.276,64423770098,0.667297363281,0.030334472656,0.027465820312,0.743591308594,-0.003358625574,-1.461740732193,0.078445538878,-0.192435070357,-83.751574697021,4.494598299364
2023-12-17 11:44:14.294,64467235513,0.669616699219,0.030578613281,0.029418945312,0.741455078125,-0.026337334886,-1.468581438065,0.058601792902,-1.509018132602,-84.143518272353,3.35763540517
2023-12-17 11:44:14.310,64498088221,0.67333984375,0.033203125,0.031005859375,0.737854003906,-0.011407755315,-1.478156328201,0.079408541322,-0.653616233285,-84.692119066489,4.549774275027
2023-12-17 11:44:14.339,64538522341,0.67578125,0.035888671875,0.030334472656,0.735534667969,0.045742999762,-1.484728336334,0.139409899712,2.620880828648,-85.068667395431,7.987598875817
2023-12-17 11:44:14.363,64589122240,0.676940917969,0.038391113281,0.030456542969,0.734375,0.088491715491,-1.488256216049,0.185929119587,5.070201819496,-85.270800013729,10.652953840915
2023-12-17 11:44:14.384,64629587680,0.679321289062,0.041137695312,0.030578613281,0.731994628906,0.14691708982,-1.493769645691,0.248356550932,8.417729185025,-85.586696262842,14.229782182825
2023-12-17 11:44:14.402,64668118481,0.681518554688,0.042602539062,0.031494140625,0.729797363281,0.173399493098,-1.499008536339,0.27812987566,9.935059124238,-85.886862586296,15.935668031813
2023-12-17 11:44:14.421,64711571117,0.682922363281,0.041442871094,0.034484863281,0.728454589844,0.097800403833,-1.504665017128,0.20518592,5.603550374328,-86.210955062414,11.756287231513
2023-12-17 11:44:14.469,64751970665,0.68359375,0.040161132812,0.037292480469,0.727722167969,0.010071399622,-1.506412625313,0.119518980384,0.577048692111,-86.311085635646,6.847933147703
2023-12-17 11:44:14.492,64790011784,0.684509277344,0.040954589844,0.039245605469,0.726745605469,-0.016308357939,-1.509841680527,0.097094111145,-0.9344000807,-86.507556027121,5.563082784156
2023-12-17 11:44:14.514,64830411332,0.685974121094,0.042846679688,0.040832519531,0.725158691406,-0.007861760445,-1.513855218887,0.110425181687,-0.450445693038,-86.737514836097,6.326896862623
2023-12-17 11:44:14.534,64859368694,0.685546875,0.044555664062,0.042114257812,0.725341796875,-0.000079115969,-1.5118714571,0.122309178114,-0.004533011123,-86.623853658119,7.007799701642
2023-12-17 11:44:14.565,64899721730,0.687622070312,0.046508789062,0.043640136719,0.723205566406,0.016605362296,-1.518704295158,0.144021198153,0.951417176852,-87.015346440966,8.251806814613
2023-12-17 11:44:14.589,64951420413,0.688903808594,0.048583984375,0.044677734375,0.721740722656,0.052223589271,-1.521013975143,0.183850958943,2.992191256271,-87.147681356135,10.533884006888
2023-12-17 11:44:14.608,64991773449,0.688354492188,0.04931640625,0.044250488281,0.722229003906,0.081938542426,-1.519093871117,0.213968828321,4.694732660442,-87.037667499174,12.259510810124
2023-12-17 11:44:14.623,65029884631,0.687927246094,0.049377441406,0.044189453125,0.722717285156,0.081725917757,-1.520150661469,0.21407186985,4.682550164284,-87.098217126166,12.265414654888
2023-12-17 11:44:14.646,65073572180,0.688903808594,0.049499511719,0.0439453125,0.721740722656,0.101154610515,-1.521201252937,0.233113870025,5.795732260779,-87.158411583321,13.356440898375
2023-12-17 11:44:14.675,65113943041,0.69140625,0.050537109375,0.044128417969,0.71923828125,0.158714368939,-1.526790499687,0.292238682508,9.09366348831,-87.478651832746,16.744043118199
2023-12-17 11:44:14.698,65148231668,0.6953125,0.051513671875,0.044921875,0.715393066406,0.24825938046,-1.538288474083,0.384413331747,14.224214724878,-88.137437238572,22.025261497669
2023-12-17 11:44:14.718,65188633800,0.700134277344,0.052062988281,0.046875,0.710510253906,0.391778379679,-1.550111651421,0.531219005585,22.447247660065,-88.814855400454,30.436607017141
2023-12-17 11:44:14.734,65234742605,0.704528808594,0.052429199219,0.04931640625,0.705993652344,1.053371787071,-1.561518907547,1.196992278099,60.353757657335,-89.468443032322,68.582605644826
2023-12-17 11:44:14.755,65275144737,0.706298828125,0.053527832031,0.051635742188,0.703918457031,2.377974033356,-1.555397868156,2.529823541641,136.247875902984,-89.117733309009,144.948211848881
2023-12-17 11:44:14.775,65316202800,0.712036132812,0.056579589844,0.050109863281,0.697998046875,2.632184505463,-1.545106291771,2.783797979355,150.813063062739,-88.528069417584,159.49987523408
2023-12-17 11:44:14.799,65347562968,0.712524414062,0.056579589844,0.051330566406,0.697387695312,2.729225158691,-1.543228149414,2.882789373398,156.37308293394,-88.42045978721,165.171664320859
2023-12-17 11:44:14.825,65387948304,0.712524414062,0.05615234375,0.05322265625,0.697326660156,2.873020887375,-1.546369433403,3.028277873993,164.611971299511,-88.600442102029,173.507541372644
2023-12-17 11:44:14.849,65437972764,0.715759277344,0.055847167969,0.0537109375,0.693969726562,2.965792417526,-1.53702378273,3.121366262436,169.927388436155,-88.064975761668,178.841113152102
2023-12-17 11:44:14.864,65478358100,0.7177734375,0.055114746094,0.054016113281,0.69189453125,3.021485090256,-1.530823111534,-3.106636047363,173.118343533358,-87.709703471989,-177.99713399712
2023-12-17 11:44:14.886,65516948472,0.718383789062,0.052856445312,0.053771972656,0.691467285156,3.099982976913,-1.529857873917,-3.031780958176,177.615941139542,-87.65439943028,-173.708253311594
2023-12-17 11:44:14.904,65557274148,0.718322753906,0.050170898438,0.053588867188,0.691711425781,-3.087077856064,-1.528872132301,-2.9395570755,-176.876532180753,-87.597920596033,-168.424214063997
2023-12-17 11:44:14.920,65599125017,0.717895507812,0.048278808594,0.052673339844,0.6923828125,-3.042135000229,-1.530869364738,-2.898723363876,-174.301496222145,-87.712353585387,-166.084614726079
2023-12-17 11:44:14.940,65640890054,0.717407226562,0.046691894531,0.051635742188,0.693115234375,-3.010146141052,-1.533745884895,-2.870671510696,-172.468669599885,-87.87716605006,-164.477361931349
2023-12-17 11:44:14.958,65681240259,0.716064453125,0.044982910156,0.050659179688,0.694702148438,-2.949259757996,-1.537950873375,-2.813665151596,-168.980136820923,-88.118094142843,-161.211138149492
2023-12-17 11:44:14.975,65720702766,0.713195800781,0.044311523438,0.049621582031,0.69775390625,-2.876119613647,-1.545025229454,-2.742810487747,-164.789515236796,-88.523424888948,-157.151464952133
2023-12-17 11:44:14.992,65761084226,0.711120605469,0.0439453125,0.048706054688,0.699951171875,-2.802847623825,-1.549828290939,-2.671205997467,-160.591339463448,-88.798620040797,-153.048829864895
2023-12-17 11:44:15.008,65801358373,0.710754394531,0.0439453125,0.048217773438,0.700378417969,-2.815354824066,-1.552464365959,-2.684597015381,-161.307949250788,-88.949656013914,-153.816078674741
2023-12-17 11:44:15.025,65841739833,0.710754394531,0.044128417969,0.047607421875,0.700378417969,-2.881593227386,-1.550586819649,-2.751084566116,-165.103130202727,-88.842080534486,-157.625534722045
2023-12-17 11:44:15.044,65882450040,0.710571289062,0.045104980469,0.046630859375,0.700561523438,-3.054670810699,-1.5510160923,-2.923996686935,-175.019745254885,-88.866676045687,-167.532669471635
2023-12-17 11:44:15.061,65923372946,0.71240234375,0.046997070312,0.044677734375,0.69873046875,2.90804028511,-1.548609972,3.038140535355,166.618434990851,-88.72881550748,174.072630243436
2023-12-17 11:44:15.081,65963802210,0.713012695312,0.048828125,0.043395996094,0.698059082031,2.726827144623,-1.545809745789,2.857678890228,156.235686848596,-88.568374363876,163.732939613709
2023-12-17 11:44:15.097,66003490174,0.712646484375,0.05078125,0.042602539062,0.698364257812,2.554759263992,-1.546320676804,2.687072038651,146.376923498708,-88.597648554659,153.957887062288
2023-12-17 11:44:15.112,66043901056,0.712158203125,0.053771972656,0.041809082031,0.698669433594,2.346966266632,-1.543325543404,2.482463598251,134.471261737594,-88.426040051762,142.234686974662
2023-12-17 11:44:15.130,66084409367,0.712158203125,0.055847167969,0.041381835938,0.698486328125,2.255989551544,-1.538783669472,2.394012212753,129.258679929093,-88.165809844385,137.166795893539
2023-12-17 11:44:15.147,66124851551,0.712768554688,0.055847167969,0.040710449219,0.697875976562,2.275818347931,-1.536016702652,2.412994623184,130.394786274877,-88.007274323559,138.254407896215
2023-12-17 11:44:15.163,66164799550,0.714416503906,0.054992675781,0.039306640625,0.696411132812,2.357110977173,-1.535533308983,2.490744829178,135.052510835962,-87.979577906475,142.709166555924
2023-12-17 11:44:15.188,66205441506,0.716918945312,0.056030273438,0.039978027344,0.693664550781,2.467595338821,-1.527954936028,2.603844881058,141.382798460621,-87.545369120559,149.189322191352
2023-12-17 11:44:15.207,66245914992,0.723205566406,0.057434082031,0.043090820312,0.686828613281,2.694178819656,-1.513978838921,2.836725950241,154.365075619848,-86.744597742267,162.532424584052
2023-12-17 11:44:15.226,66284391537,0.726989746094,0.059631347656,0.046081542969,0.682434082031,2.771009206772,-1.503566503525,2.920933961868,158.767132539921,-86.148014869212,167.357188251479
2023-12-17 11:44:15.245,66324833721,0.727661132812,0.060913085938,0.046569824219,0.681579589844,2.763286590576,-1.501376032829,2.915701389313,158.324659225109,-86.022510143213,167.057383928051
2023-12-17 11:44:15.263,66367099370,0.728149414062,0.060791015625,0.045654296875,0.681091308594,2.754273414612,-1.498992800713,2.90532875061,157.808242282343,-85.885961001326,166.46307550799
2023-12-17 11:44:15.281,66407541554,0.728210449219,0.0595703125,0.043273925781,0.681335449219,2.733776569366,-1.499603509903,2.879581451416,156.633859556451,-85.920952060444,164.987863930294
2023-12-17 11:44:15.299,66448086271,0.728515625,0.056884765625,0.039916992188,0.681396484375,2.726628303528,-1.498079657555,2.863974571228,156.22429409306,-85.833641752284,164.093655564156
2023-12-17 11:44:15.315,66481241684,0.730773925781,0.05517578125,0.038024902344,0.679260253906,2.753778219223,-1.492898464203,2.885920763016,157.779869676531,-85.536781240387,165.351079729977
2023-12-17 11:44:15.334,66521683868,0.73193359375,0.053955078125,0.036376953125,0.67822265625,2.761090278625,-1.490193367004,2.889111995697,158.198819819841,-85.381790587742,165.533923894058
2023-12-17 11:44:15.354,66567326175,0.730529785156,0.051452636719,0.035522460938,0.679931640625,2.774466991425,-1.494305968285,2.897812128067,158.965249006986,-85.617425283918,166.032404760064
2023-12-17 11:44:15.371,66607737057,0.72900390625,0.048461914062,0.03466796875,0.681823730469,2.797719240189,-1.499570012093,2.9156229496,160.297504725354,-85.919032777287,167.052889663577
2023-12-17 11:44:15.388,66644491343,0.727905273438,0.047546386719,0.035583496094,0.683044433594,2.821769714355,-1.503956198692,2.939603328705,161.675495390404,-86.170342757609,168.426864177395
2023-12-17 11:44:15.405,66684912855,0.727722167969,0.046264648438,0.035583496094,0.683288574219,2.847155809402,-1.504165410995,2.963267326355,163.130011494915,-86.182329739602,169.782711369156
2023-12-17 11:44:15.424,66709951950,0.728515625,0.04541015625,0.035949707031,0.682495117188,2.88081908226,-1.502690196037,2.996201753616,165.058774954257,-86.097806148623,171.669715051912
2023-12-17 11:44:15.448,66750373462,0.7294921875,0.045532226562,0.037353515625,0.681396484375,2.914239645004,-1.500759124756,3.031719207764,166.973632148448,-85.987163914258,173.704715273604
2023-12-17 11:44:15.463,66811764076,0.729614257812,0.046325683594,0.0380859375,0.68115234375,2.91309595108,-1.499867916107,3.032787561417,166.908103313551,-85.936101420023,173.765927428946
2023-12-17 11:44:15.482,66834453944,0.728759765625,0.047180175781,0.039123535156,0.681945800781,2.909710645676,-1.502095460892,3.032097816467,166.714139601501,-86.063730334854,173.726407954408
2023-12-17 11:44:15.498,66874766710,0.727600097656,0.049377441406,0.039978027344,0.682983398438,2.870299816132,-1.504839301109,2.997007131577,164.456065401516,-86.22094079898,171.715859809945
2023-12-17 11:44:15.514,66932965717,0.727172851562,0.049743652344,0.039794921875,0.683410644531,2.854166269302,-1.505583167076,2.981166124344,163.531681259625,-86.263561179401,170.808236952277
2023-12-17 11:44:15.529,66973309709,0.72607421875,0.051147460938,0.040222167969,0.684448242188,2.819644451141,-1.508095622063,2.949250459671,161.553726777881,-86.407514246348,168.979604066167
2023-12-17 11:44:15.545,67013834175,0.724243164062,0.052490234375,0.040344238281,0.686279296875,2.765511989594,-1.512504339218,2.897197723389,158.452165196535,-86.660115132423,165.997201965081
2023-12-17 11:44:15.560,67053215056,0.722229003906,0.053955078125,0.040283203125,0.688293457031,2.691024780273,-1.517086744308,2.824696063995,154.184362474788,-86.922667604118,161.84316287415
2023-12-17 11:44:15.573,67093622356,0.72119140625,0.053771972656,0.039855957031,0.689392089844,2.661470890045,-1.518898129463,2.794377803802,152.491049296515,-87.026452328556,160.106054522919
2023-12-17 11:44:15.589,67134716566,0.720275878906,0.053466796875,0.039428710938,0.6904296875,2.635190963745,-1.522128462791,2.766947507858,150.985320433607,-87.211536794685,158.53441433452
2023-12-17 11:44:15.603,67175129034,0.718811035156,0.053894042969,0.039245605469,0.691955566406,2.575534582138,-1.526088833809,2.707554340363,147.567261546501,-87.438449339292,155.131436505102
2023-12-17 11:44:15.621,67212346151,0.717346191406,0.055541992188,0.039123535156,0.693298339844,2.473485469818,-1.526427507401,2.607867240906,141.720278107512,-87.457853906724,149.419786434327
2023-12-17 11:44:15.640,67252758619,0.715637207031,0.057189941406,0.039001464844,0.694946289062,2.350169420242,-1.528836607933,2.486662149429,134.654788920592,-87.59588519966,142.47524623723
2023-12-17 11:44:15.656,67294323778,0.713684082031,0.057434082031,0.039245605469,0.696960449219,2.244440317154,-1.534113049507,2.381462812424,128.596957541924,-87.898203032704,136.447768219234
2023-12-17 11:44:15.672,67334736246,0.711059570312,0.057250976562,0.040405273438,0.699523925781,2.097613811493,-1.537113904953,2.236260414124,120.184418446895,-88.07013938468,128.128283621456
2023-12-17 11:44:15.689,67375664297,0.70751953125,0.056945800781,0.0419921875,0.703063964844,1.785439014435,-1.544169664383,1.925687193871,102.298120105112,-88.474404621275,110.333748871173
2023-12-17 11:44:15.708,67418812257,0.704833984375,0.058227539062,0.043212890625,0.70556640625,1.444314002991,-1.544214487076,1.587866067886,82.753096663014,-88.476972772403,90.978024121921
2023-12-17 11:44:15.732,67459201469,0.702758789062,0.059692382812,0.044311523438,0.707458496094,1.196299672127,-1.543793916702,1.343330860138,68.542922245748,-88.452875865011,76.967188775583
2023-12-17 11:44:15.748,67496782262,0.701538085938,0.060241699219,0.044677734375,0.708618164062,1.066729187965,-1.543525934219,1.215057849884,61.119080353835,-88.437521599757,69.617686662595
2023-12-17 11:44:15.764,67537171474,0.698913574219,0.061645507812,0.044982910156,0.711059570312,0.86307311058,-1.538681387901,1.013758540154,49.450446647487,-88.159949542077,58.084085796139
2023-12-17 11:44:15.781,67578783178,0.6962890625,0.063293457031,0.046081542969,0.713439941406,0.708693742752,-1.534855127335,0.863379061222,40.605160427024,-87.940720960287,49.467976327992
2023-12-17 11:44:15.798,67619176266,0.694030761719,0.063659667969,0.047058105469,0.715515136719,0.578185915947,-1.530060768127,0.734663069248,33.127612757667,-87.666024412247,42.093093232049
2023-12-17 11:44:15.814,67657504657,0.691833496094,0.063415527344,0.047729492188,0.717590332031,0.466936647892,-1.525176644325,0.623916268349,26.753499224198,-87.386184731763,35.747768945932
2023-12-17 11:44:15.829,67700619773,0.689880371094,0.062927246094,0.04833984375,0.719482421875,0.378174066544,-1.521747708321,0.53540122509,21.667777934247,-87.189721170476,30.676230543792
2023-12-17 11:44:15.845,67740981597,0.688415527344,0.062133789062,0.049255371094,0.720886230469,0.297995716333,-1.519010901451,0.455388367176,17.073896858881,-87.032913687511,26.091831478542
2023-12-17 11:44:15.860,67781593590,0.686096191406,0.062194824219,0.049499511719,0.72314453125,0.25096565485,-1.515122890472,0.409109860659,14.379272825642,-86.810147067731,23.440268372926
2023-12-17 11:44:15.884,67821948959,0.6826171875,0.063049316406,0.049682617188,0.726257324219,0.21690659225,-1.504096508026,0.376265972853,12.427832284483,-86.178381890262,21.558452218844
2023-12-17 11:44:15.905,67862322663,0.679260253906,0.065307617188,0.05029296875,0.729187011719,0.209961146116,-1.495738863945,0.373540490866,12.029887534191,-85.699524157741,21.40229360385
2023-12-17 11:44:15.921,67902710583,0.677551269531,0.067993164062,0.051452636719,0.73046875,0.218129441142,-1.491490364075,0.387246578932,12.497896364989,-85.456103045911,22.187594603672
2023-12-17 11:44:15.945,67937666970,0.676025390625,0.069946289062,0.052795410156,0.731567382812,0.212217614055,-1.487128853798,0.385936826468,12.159173623669,-85.206206914748,22.112551315261
2023-12-17 11:44:15.960,67980591531,0.674438476562,0.070556640625,0.054748535156,0.732849121094,0.175317659974,-1.484156012535,0.352751016617,10.044961990625,-85.035875657226,20.211144471093
2023-12-17 11:44:15.976,68020979451,0.672546386719,0.070861816406,0.056762695312,0.734436035156,0.133465796709,-1.480534672737,0.314304769039,7.64702686078,-84.82838817062,18.008336746778
2023-12-17 11:44:15.994,68061036875,0.67138671875,0.0703125,0.058227539062,0.7353515625,0.095439188182,-1.476940751076,0.277364432812,5.468262683004,-84.622471627522,15.891811387152
2023-12-17 11:44:16.009,68101422211,0.670593261719,0.070861816406,0.059814453125,0.735961914062,0.074727453291,-1.476308107376,0.259878307581,4.281567687359,-84.586223813597,14.889930211391
2023-12-17 11:44:16.025,68145386958,0.670349121094,0.071899414062,0.061218261719,0.735961914062,0.066945590079,-1.475955605507,0.255549579859,3.83569976853,-84.566026944221,14.641912382249
2023-12-17 11:44:16.045,68185741036,0.670104980469,0.072509765625,0.061340332031,0.736083984375,0.07270552963,-1.474869728088,0.26227080822,4.165719995073,-84.503810751071,15.027010400486
2023-12-17 11:44:16.063,68223039964,0.668640136719,0.073303222656,0.060791015625,0.737426757812,0.08480515331,-1.471343636513,0.274866014719,4.85897736564,-84.301780585612,15.74866257498
2023-12-17 11:44:16.084,68266625806,0.667236328125,0.074340820312,0.060180664062,0.738647460938,0.100311040878,-1.467334747314,0.291013479233,5.747399280891,-84.072088154013,16.673844141457
2023-12-17 11:44:16.102,68307033106,0.666137695312,0.07421875,0.060363769531,0.739624023438,0.090849652886,-1.464380383492,0.281625926495,5.205301680619,-83.902815575813,16.135976989602
2023-12-17 11:44:16.143,68345130764,0.6650390625,0.074951171875,0.059875488281,0.740539550781,0.101341627538,-1.46074950695,0.292392492294,5.806447546926,-83.694781674073,16.752855769775
2023-12-17 11:44:16.168,68385538064,0.663635253906,0.075256347656,0.059875488281,0.741760253906,0.098416626453,-1.456967949867,0.289912343025,5.638857329695,-83.478114413221,16.610753684093
2023-12-17 11:44:16.185,68423762124,0.662536621094,0.074890136719,0.060180664062,0.742797851562,0.085390754044,-1.454761147499,0.27691963315,4.892529816164,-83.351673951306,15.866326243812
2023-12-17 11:44:16.204,68464169424,0.661682128906,0.074401855469,0.060852050781,0.743530273438,0.068045593798,-1.452544689178,0.259794831276,3.898725339096,-83.224680244068,14.885147371425
2023-12-17 11:44:16.221,68509020464,0.661865234375,0.07421875,0.06103515625,0.743408203125,0.064313024282,-1.453528404236,0.256143838167,3.684864859107,-83.281042965099,14.675960875262
2023-12-17 11:44:16.240,68550019590,0.662780761719,0.073852539062,0.061157226562,0.742614746094,0.061902090907,-1.455970525742,0.253361225128,3.546728552012,-83.420966220436,14.516528892108
2023-12-17 11:44:16.259,68590434642,0.664489746094,0.073059082031,0.061462402344,0.741088867188,0.054775830358,-1.460038661957,0.245389685035,3.138423898853,-83.654053256052,14.059793288536
2023-12-17 11:44:16.280,68629904071,0.666259765625,0.072937011719,0.061157226562,0.739562988281,0.064188279212,-1.464948654175,0.254231631756,3.677717493027,-83.935375087586,14.566399518333
2023-12-17 11:44:16.299,68670319123,0.668090820312,0.073364257812,0.060546875,0.737915039062,0.086513780057,-1.469485521317,0.276262134314,4.956874467014,-84.195318427019,15.828654335445
2023-12-17 11:44:16.319,68708442896,0.668640136719,0.073120117188,0.059997558594,0.737426757812,0.093947634101,-1.46995985508,0.282403767109,5.382802929222,-84.222495749726,16.180543973936
2023-12-17 11:44:16.337,68748826667,0.668701171875,0.072937011719,0.060485839844,0.737426757812,0.084571503103,-1.471353292465,0.273661345243,4.845590194867,-84.302333830934,15.679640098322
2023-12-17 11:44:16.354,68791614173,0.668579101562,0.073913574219,0.061767578125,0.7373046875,0.078630007803,-1.470994830132,0.270851075649,4.505167590218,-84.2817954521,15.518623511281
2023-12-17 11:44:16.371,68810827380,0.669250488281,0.07275390625,0.062927246094,0.736755371094,0.048329800367,-1.473847746849,0.240652769804,2.769093585759,-84.445255539317,13.788388037903
2023-12-17 11:44:16.387,68851149408,0.667907714844,0.069519042969,0.064208984375,0.738159179688,-0.019367083907,-1.470473408699,0.170155659318,-1.109652169354,-84.251920204671,9.749201139186
2023-12-17 11:44:16.402,68891471436,0.666137695312,0.066162109375,0.064880371094,0.739990234375,-0.075508058071,-1.465448498726,0.110186137259,-4.326293046705,-83.964014070776,6.31320062579
2023-12-17 11:44:16.419,68952792791,0.664611816406,0.06298828125,0.065185546875,0.741577148438,-0.119288794696,-1.460592865944,0.06227870658,-6.834744479302,-83.685806805503,3.568307040591
2023-12-17 11:44:16.436,68994802755,0.663818359375,0.057800292969,0.06640625,0.742614746094,-0.196665331721,-1.457591533661,-0.020680066198,-11.268093484171,-83.51384313277,-1.184880513203
2023-12-17 11:44:16.452,69035124783,0.664611816406,0.05615234375,0.066711425781,0.742004394531,-0.22248968482,-1.459219932556,-0.048420783132,-12.747719925392,-83.607143516832,-2.7743065142
2023-12-17 11:44:16.468,69074657682,0.665344238281,0.057678222656,0.06591796875,0.741333007812,-0.195523753762,-1.461998343468,-0.020359566435,-11.202685885132,-83.766334735818,-1.166517229454
2023-12-17 11:44:16.483,69108763860,0.666625976562,0.057250976562,0.065002441406,0.740295410156,-0.191383913159,-1.465326189995,-0.018145186827,-10.96549049073,-83.957006296688,-1.03964262364
2023-12-17 11:44:16.500,69149163123,0.6650390625,0.054870605469,0.065185546875,0.741821289062,-0.218345358968,-1.459687709808,-0.048338156193,-12.510267545123,-83.633945179135,-2.769572339331
2023-12-17 11:44:16.516,69195879650,0.663269042969,0.051818847656,0.065246582031,0.74365234375,-0.248292118311,-1.454499840736,-0.082421571016,-14.226090465579,-83.336702176646,-4.722408160072
2023-12-17 11:44:16.532,69236278913,0.662658691406,0.048400878906,0.064453125,0.744506835938,-0.273471832275,-1.451958060265,-0.113543443382,-15.668781805089,-83.191068883162,-6.505560097159
2023-12-17 11:44:16.549,69276637235,0.661804199219,0.047607421875,0.063171386719,0.745422363281,-0.26236101985,-1.449579119682,-0.105375349522,-15.03217914614,-83.054765628086,-6.037562792306
2023-12-17 11:44:16.588,69317072959,0.659973144531,0.049072265625,0.06298828125,0.746948242188,-0.237893983722,-1.445123314857,-0.079092122614,-13.630321238809,-82.799466817289,-4.531644818535
2023-12-17 11:44:16.605,69357431686,0.657531738281,0.051086425781,0.062683105469,0.7490234375,-0.206667080522,-1.439690113068,-0.045342538506,-11.841151478177,-82.488167285487,-2.597936088791
2023-12-17 11:44:16.622,69398717284,0.655822753906,0.050659179688,0.063049316406,0.75048828125,-0.210634052753,-1.434769868851,-0.049418330193,-12.068442244509,-82.206258057684,-2.831461750618
2023-12-17 11:44:16.640,69439111383,0.654357910156,0.050964355469,0.063903808594,0.751647949219,-0.213495030999,-1.430733323097,-0.050647087395,-12.232364223268,-81.974981022198,-2.901864352375
2023-12-17 11:44:16.656,69478665104,0.650939941406,0.052429199219,0.065490722656,0.75439453125,-0.209120854735,-1.422324538231,-0.041840028018,-11.981742384505,-81.493193138524,-2.397257020127
2023-12-17 11:44:16.671,69519059203,0.647705078125,0.052673339844,0.066040039062,0.757141113281,-0.205737382174,-1.414209842682,-0.037218086421,-11.787883686614,-81.028255331532,-2.132439273505
2023-12-17 11:44:16.701,69551074412,0.644775390625,0.053894042969,0.065124511719,0.759582519531,-0.181886896491,-1.406537652016,-0.012950453907,-10.42135151767,-80.588671186739,-0.742006351664
2023-12-17 11:44:16.719,69591468511,0.641540527344,0.053527832031,0.064208984375,0.762451171875,-0.171667546034,-1.398307204247,-0.004444864113,-9.835825867108,-80.117101266063,-0.254671954177
2023-12-17 11:44:16.737,69640341146,0.640258789062,0.055419921875,0.064270019531,0.763366699219,-0.156707823277,-1.395232439041,0.013290176168,-8.978696890427,-79.940930196801,0.761471003417
2023-12-17 11:44:16.753,69681667769,0.641357421875,0.058227539062,0.064270019531,0.762268066406,-0.136915311217,-1.398870706558,0.037099562585,-7.844669483472,-80.14938757027,2.125648357922
2023-12-17 11:44:16.773,69722070905,0.641784667969,0.059265136719,0.065063476562,0.761779785156,-0.13658696413,-1.400349974632,0.040052302182,-7.825856581177,-80.234143387681,2.294827874795
2023-12-17 11:44:16.793,69758396759,0.64306640625,0.06005859375,0.065124511719,0.760620117188,-0.131955161691,-1.403755307198,0.045857939869,-7.560473849844,-80.429254571511,2.627466411668
2023-12-17 11:44:16.810,69798799895,0.64453125,0.061584472656,0.065246582031,0.759216308594,-0.121937640011,-1.407603979111,0.058142829686,-6.986512136434,-80.649767228865,3.331338749979
2023-12-17 11:44:16.826,69840726432,0.644653320312,0.059997558594,0.065185546875,0.75927734375,-0.1341021806,-1.40790951252,0.043681703508,-7.683488971891,-80.667273003708,2.502777252944
2023-12-17 11:44:16.844,69881129568,0.643432617188,0.05908203125,0.06201171875,0.760620117188,-0.110950432718,-1.404128909111,0.060995604843,-6.35699152988,-80.45066038437,3.494790726346
2023-12-17 11:44:16.860,69921998268,0.641540527344,0.057250976562,0.059143066406,0.762634277344,-0.098303563893,-1.399083614349,0.067063249648,-5.632379322154,-80.161586288128,3.842441165241
2023-12-17 11:44:16.876,69963016812,0.642272949219,0.057434082031,0.056457519531,0.762145996094,-0.07271450758,-1.40027654171,0.088994666934,-4.166234393695,-80.229935991152,5.099018814491
2023-12-17 11:44:16.892,70003429280,0.641723632812,0.055847167969,0.055419921875,0.762817382812,-0.075477533042,-1.398688197136,0.08252941072,-4.324544091391,-80.138930550651,4.72858691995
2023-12-17 11:44:16.907,70040022745,0.642822265625,0.055847167969,0.054077148438,0.761962890625,-0.063179351389,-1.401203155518,0.092864044011,-3.619910186987,-80.28302705157,5.320717790327
2023-12-17 11:44:16.924,70080435213,0.644226074219,0.05517578125,0.053894042969,0.760925292969,-0.06647656858,-1.405460357666,0.088440015912,-3.808826816127,-80.52694676721,5.067239651831
2023-12-17 11:44:16.941,70121970082,0.644897460938,0.053466796875,0.054565429688,0.760375976562,-0.086186178029,-1.406685352325,0.067170873284,-4.938104253401,-80.597133791121,3.848607545401
2023-12-17 11:44:16.958,70162382550,0.644714355469,0.0517578125,0.054931640625,0.760620117188,-0.103082582355,-1.405999422073,0.048365347087,-5.906196910225,-80.557832882637,2.771130262792
2023-12-17 11:44:16.978,70205438121,0.644348144531,0.049987792969,0.0537109375,0.761169433594,-0.105472132564,-1.404992341995,0.041773244739,-6.043108052138,-80.500131444528,2.393430620088
2023-12-17 11:44:16.996,70245864801,0.643371582031,0.049682617188,0.052062988281,0.762084960938,-0.092249527574,-1.40195953846,0.052180882543,-5.285508592042,-80.326364601854,2.989744341
2023-12-17 11:44:17.012,70286834618,0.644287109375,0.049011230469,0.051452636719,0.761413574219,-0.092136353254,-1.404359817505,0.050477672368,-5.279024181199,-80.463890460792,2.892157586347
2023-12-17 11:44:17.031,70327459945,0.64697265625,0.048278808594,0.050537109375,0.759216308594,-0.090198524296,-1.411027908325,0.049998171628,-5.167994760485,-80.845943922206,2.864684217628
2023-12-17 11:44:17.049,70367872413,0.650268554688,0.047912597656,0.048767089844,0.756591796875,-0.076625458896,-1.41998052597,0.060557231307,-4.390315398003,-81.358891128874,3.46967377289
2023-12-17 11:44:17.069,70406692294,0.652404785156,0.046997070312,0.046875,0.754943847656,-0.065402381122,-1.42550611496,0.067782968283,-3.747280408403,-81.675484057283,3.883678005468
2023-12-17 11:44:17.086,70447072192,0.654052734375,0.046630859375,0.043823242188,0.753723144531,-0.035997919738,-1.429515361786,0.092312455177,-2.062528872255,-81.905196979448,5.28911407815
2023-12-17 11:44:17.102,70488918504,0.653930664062,0.046264648438,0.040954589844,0.753967285156,-0.008833877742,-1.428367376328,0.114829018712,-0.506143911368,-81.839422257741,6.579218137829
2023-12-17 11:44:17.136,70529299693,0.654357910156,0.047485351562,0.038635253906,0.753662109375,0.027785846964,-1.429248094559,0.149909049273,1.592011761206,-81.889883695329,8.589155834135
2023-12-17 11:44:17.153,70569622183,0.655395507812,0.047912597656,0.037475585938,0.752746582031,0.046194117516,-1.431288599968,0.167211011052,2.646727972014,-82.006796043352,9.580485221403
2023-12-17 11:44:17.169,70596990443,0.656616210938,0.048278808594,0.037170410156,0.751647949219,0.055691409856,-1.434143543243,0.17674715817,3.190882739887,-82.170372243785,10.126866204058
2023-12-17 11:44:17.185,70637383251,0.659545898438,0.048095703125,0.036499023438,0.749206542969,0.068624906242,-1.442513823509,0.188539206982,3.931917497141,-82.649953976357,10.802500832793
2023-12-17 11:44:17.201,70690328512,0.663696289062,0.046630859375,0.035888671875,0.74560546875,0.071844391525,-1.452899456024,0.188701316714,4.116380416056,-83.245006887038,10.81178903629
2023-12-17 11:44:17.217,70730721320,0.666442871094,0.045471191406,0.036682128906,0.7431640625,0.055770486593,-1.460184454918,0.172044232488,3.195413503184,-83.662406577407,9.857408411112
2023-12-17 11:44:17.234,70771486844,0.669921875,0.046264648438,0.03662109375,0.739990234375,0.077943839133,-1.46936070919,0.19522446394,4.465853021355,-84.188167218958,11.185537841447
2023-12-17 11:44:17.251,70811886107,0.673461914062,0.047241210938,0.03564453125,0.736755371094,0.122317619622,-1.478255629539,0.239557445049,7.008283364413,-84.697808614067,13.725630552261
2023-12-17 11:44:17.270,70843963970,0.67626953125,0.048217773438,0.034851074219,0.734191894531,0.16780847311,-1.485730528831,0.285350084305,9.614717275749,-85.126088795784,16.349355514368
2023-12-17 11:44:17.293,70884363233,0.679504394531,0.048950195312,0.034545898438,0.731201171875,0.212538868189,-1.494501113892,0.330732226372,12.177580129709,-85.628606303589,18.949560720067
2023-12-17 11:44:17.317,70933424860,0.68310546875,0.050170898438,0.035034179688,0.727661132812,0.266648173332,-1.502284169197,0.387068539858,15.277814946809,-86.07454252431,22.177393716147
2023-12-17 11:44:17.346,70974620032,0.686401367188,0.051452636719,0.035095214844,0.724487304688,0.343868136406,-1.51061463356,0.466223150492,19.70219292509,-86.5518429737,26.712618834468
2023-12-17 11:44:17.362,71015028332,0.687744140625,0.05126953125,0.035339355469,0.723205566406,0.360234349966,-1.51394534111,0.482635498047,20.639907888693,-86.74267845911,27.65297708128
2023-12-17 11:44:17.381,71054655864,0.686218261719,0.051330566406,0.034973144531,0.724670410156,0.340551257133,-1.510033726692,0.462549746037,19.512149741623,-86.518559461874,26.502148262741
2023-12-17 11:44:17.407,71095042217,0.684448242188,0.051086425781,0.035339355469,0.726318359375,0.297923564911,-1.505445241928,0.420052349567,17.069762886886,-86.255658650531,24.067226804767
2023-12-17 11:44:17.424,71135123973,0.683227539062,0.051574707031,0.036010742188,0.727478027344,0.276124536991,-1.504159092903,0.400104105473,15.820770589595,-86.181967739576,22.924276609435
2023-12-17 11:44:17.455,71173795257,0.682922363281,0.051818847656,0.036376953125,0.727722167969,0.269377827644,-1.503337025642,0.394207417965,15.434212618424,-86.13486675506,22.58642130214
2023-12-17 11:44:17.471,71214198393,0.681884765625,0.051391601562,0.03515625,0.728759765625,0.271896392107,-1.499701619148,0.394341856241,15.578515732566,-85.926573306131,22.594124047977
2023-12-17 11:44:17.494,71256187314,0.680786132812,0.050476074219,0.03369140625,0.729919433594,0.269357085228,-1.49647295475,0.388442873955,15.433024165508,-85.74158446265,22.256137259541
2023-12-17 11:44:17.521,71296621746,0.681274414062,0.049194335938,0.033081054688,0.729553222656,0.263506174088,-1.497386455536,0.379850685596,15.097791650855,-85.79392420226,21.763841129828
2023-12-17 11:44:17.547,71336828253,0.681884765625,0.04931640625,0.032653808594,0.72900390625,0.281522750854,-1.498864889145,0.39745259285,16.130065460875,-85.878632208347,22.772356126821
2023-12-17 11:44:17.578,71377231389,0.683715820312,0.049377441406,0.031860351562,0.727355957031,0.324046105146,-1.503789544106,0.439009904861,18.566474192542,-86.160794153149,25.153414713001
2023-12-17 11:44:17.597,71418191968,0.68603515625,0.048767089844,0.031188964844,0.725158691406,0.364791363478,-1.507709622383,0.477732926607,20.901005530095,-86.385398093816,27.372080429022
2023-12-17 11:44:17.624,71459336909,0.687194824219,0.049499511719,0.031982421875,0.723999023438,0.385795295238,-1.511171221733,0.500938057899,22.104442173169,-86.583733126935,28.70163651512
2023-12-17 11:44:17.648,71499786845,0.689453125,0.052001953125,0.033630371094,0.721618652344,0.457606971264,-1.516793251038,0.578658342361,26.218948129185,-86.905851678382,33.154680797347
2023-12-17 11:44:17.671,71539349655,0.6923828125,0.0537109375,0.0341796875,0.718627929688,0.576067328453,-1.521860837936,0.700211584568,33.006226635737,-87.196203019999,40.119168561915
2023-12-17 11:44:17.689,71579768283,0.694763183594,0.055480957031,0.03466796875,0.716186523438,0.705591917038,-1.526225090027,0.832984507084,40.42743890482,-87.446256245513,47.726496655692
2023-12-17 11:44:17.708,71620184638,0.695007324219,0.058654785156,0.036193847656,0.715637207031,0.759485840797,-1.525894522667,0.893595457077,43.515333277637,-87.427316130944,51.199248282577
2023-12-17 11:44:17.727,71660634574,0.694946289062,0.060302734375,0.036254882812,0.715576171875,0.792615175247,-1.524891257286,0.929213821888,45.413504319686,-87.36983325889,53.240030259402
2023-12-17 11:44:17.753,71700223006,0.694152832031,0.060424804688,0.034851074219,0.716369628906,0.786593675613,-1.520826339722,0.921295940876,45.068497804331,-87.136930638381,52.786369094729
2023-12-17 11:44:17.770,71742366506,0.6923828125,0.058898925781,0.033935546875,0.71826171875,0.700594127178,-1.518287062645,0.831865668297,40.141086638962,-86.991440778871,47.662391915237
2023-12-17 11:44:17.786,71782763187,0.692932128906,0.056518554688,0.032348632812,0.718017578125,0.703189253807,-1.52042222023,0.828889787197,40.289776442099,-87.113776297095,47.491886487892
2023-12-17 11:44:17.802,71822315264,0.693664550781,0.0546875,0.032287597656,0.717407226562,0.693041026592,-1.522034168243,0.815921723843,39.70832585315,-87.206134115052,46.748871189221
2023-12-17 11:44:17.825,71862711945,0.6943359375,0.054321289062,0.032958984375,0.716796875,0.697641432285,-1.52554666996,0.821058392525,39.97190968341,-87.407385638946,47.043180625462
2023-12-17 11:44:17.845,71899865353,0.695678710938,0.055480957031,0.034851074219,0.715270996094,0.74513310194,-1.527543544769,0.872727572918,42.692981916662,-87.521798137733,50.003606592894
2023-12-17 11:44:17.876,71940234923,0.695495605469,0.056396484375,0.037841796875,0.715270996094,0.685858726501,-1.530893325806,0.819105327129,39.296810370751,-87.713726453411,46.931278221195
2023-12-17 11:44:17.897,71984060304,0.695129394531,0.055969238281,0.039794921875,0.715515136719,0.601129889488,-1.530939698219,0.73635828495,34.442205606841,-87.716383396998,42.190221937141
2023-12-17 11:44:17.922,72010624592,0.694641113281,0.055114746094,0.040832519531,0.716003417969,0.519932568073,-1.53159570694,0.655421972275,29.789941781997,-87.753969928,37.552912811485
2023-12-17 11:44:17.939,72051025432,0.693115234375,0.054809570312,0.041381835938,0.717468261719,0.434592723846,-1.528664946556,0.570422232151,24.900328883495,-87.586049727256,32.682786442686
2023-12-17 11:44:17.972,72091395002,0.692749023438,0.054931640625,0.041198730469,0.717834472656,0.431824564934,-1.528002262115,0.567625164986,24.741725060778,-87.548080705659,32.522526299095
2023-12-17 11:44:17.991,72144828085,0.692810058594,0.056030273438,0.039489746094,0.7177734375,0.516202330589,-1.525771260262,0.651119172573,29.576214917583,-87.420253715343,37.306380548488
2023-12-17 11:44:18.018,72184084316,0.692932128906,0.056457519531,0.038330078125,0.717712402344,0.563527941704,-1.52562713623,0.697522580624,32.287772697322,-87.411996016636,39.965099984808
2023-12-17 11:44:18.039,72224482572,0.69287109375,0.057250976562,0.037353515625,0.7177734375,0.606445133686,-1.524445295334,0.740239560604,34.746746666459,-87.344281521205,42.412602651233
2023-12-17 11:44:18.063,72263155002,0.693908691406,0.059387207031,0.035217285156,0.716674804688,0.746871173382,-1.52173435688,0.880608677864,42.792566074761,-87.188956189289,50.455160644207
2023-12-17 11:44:18.080,72303553258,0.694396972656,0.060363769531,0.033325195312,0.716247558594,0.824085772038,-1.520661950111,0.9566411376,47.216636694529,-87.127511807516,54.811499693071
2023-12-17 11:44:18.097,72347535258,0.694274902344,0.061767578125,0.031311035156,0.71630859375,0.877332150936,-1.515984416008,1.008983850479,50.267429479775,-86.859508844863,57.810516229313
2023-12-17 11:44:18.115,72388980191,0.694274902344,0.061462402344,0.028869628906,0.716430664062,0.908434808254,-1.513316273689,1.036199569702,52.049480475744,-86.70663555086,59.369862077205
2023-12-17 11:44:18.134,72429383615,0.693481445312,0.06103515625,0.027526855469,0.717346191406,0.889036357403,-1.512354135513,1.014399290085,50.938031112865,-86.651509094069,58.120798062928
2023-12-17 11:44:18.152,72467981084,0.692138671875,0.060424804688,0.02685546875,0.718688964844,0.839125812054,-1.509309768677,0.962624251842,48.078367511164,-86.477079723045,55.154306887514
2023-12-17 11:44:18.169,72508353236,0.692077636719,0.058898925781,0.026000976562,0.718872070312,0.825890004635,-1.509035825729,0.945954799652,47.320011607617,-86.461383948332,54.199217630209
2023-12-17 11:44:18.185,72548492199,0.689819335938,0.056518554688,0.027465820312,0.72119140625,0.686706125736,-1.50895190239,0.805486798286,39.345362770466,-86.456575495156,46.150993995318
2023-12-17 11:44:18.202,72588864351,0.687927246094,0.054016113281,0.029296875,0.72314453125,0.552667438984,-1.509250640869,0.670548498631,31.665511728082,-86.473691949216,38.419598930363
2023-12-17 11:44:18.224,72627705972,0.685974121094,0.053283691406,0.030578613281,0.724914550781,0.467348873615,-1.504510879517,0.585824012756,26.777118018348,-86.202123627817,33.565243468357
2023-12-17 11:44:18.241,72670799186,0.685119628906,0.053771972656,0.031616210938,0.725646972656,0.438824564219,-1.503109335899,0.559475362301,25.142795476389,-86.121821093745,32.055577001393
2023-12-17 11:44:18.262,72711176770,0.683044433594,0.0546875,0.032165527344,0.7275390625,0.406451314688,-1.498685240746,0.529266953468,23.287944909151,-85.868339113267,30.324762669482
2023-12-17 11:44:18.278,72750112530,0.679870605469,0.055297851562,0.032897949219,0.73046875,0.35408732295,-1.491868972778,0.478920221329,20.287709184142,-85.477795726715,27.440107405608
2023-12-17 11:44:18.294,72790490114,0.677734375,0.056091308594,0.033935546875,0.732299804688,0.321504205465,-1.486112236977,0.448862314224,18.42083406887,-85.147959061506,25.717916187524
2023-12-17 11:44:18.313,72830576499,0.676879882812,0.057006835938,0.03564453125,0.73291015625,0.298084169626,-1.484146475792,0.429109990597,17.078964859245,-85.035329242093,24.586191408093
2023-12-17 11:44:18.334,72870959251,0.6748046875,0.058837890625,0.03759765625,0.734619140625,0.272603452206,-1.479915857315,0.409094154835,15.61902729208,-84.792932658638,23.439368495502
2023-12-17 11:44:18.351,72911826784,0.673400878906,0.059814453125,0.037780761719,0.735778808594,0.26995792985,-1.475554227829,0.408033907413,15.467450026472,-84.543029697286,23.378620793024
2023-12-17 11:44:18.369,72954038983,0.671752929688,0.061401367188,0.038146972656,0.737182617188,0.270718485117,-1.471697211266,0.411679685116,15.511026633377,-84.32203892669,23.587508468411
2023-12-17 11:44:18.389,72994423027,0.670593261719,0.062744140625,0.039306640625,0.738037109375,0.261817067862,-1.468555092812,0.406290233135,15.001012992957,-84.142008800547,23.278715616035
2023-12-17 11:44:18.410,73034382482,0.670104980469,0.063903808594,0.040771484375,0.738342285156,0.252499908209,-1.468228578568,0.400778204203,14.467179067808,-84.12330091241,22.962899621644
2023-12-17 11:44:18.427,73074735269,0.669921875,0.0654296875,0.041687011719,0.73828125,0.258050352335,-1.467180252075,0.409713029861,14.785196090658,-84.063236228849,23.474827422579
2023-12-17 11:44:18.444,73115199304,0.669982910156,0.067199707031,0.0419921875,0.738037109375,0.276953011751,-1.466713309288,0.43153822422,15.868238696779,-84.03648237787,24.725318946392
2023-12-17 11:44:18.461,73155553382,0.669982910156,0.069213867188,0.041809082031,0.737915039062,0.30456122756,-1.466523051262,0.461857378483,17.450072942514,-84.025581395955,26.462478524042
2023-12-17 11:44:18.477,73195665925,0.671447753906,0.070434570312,0.040588378906,0.736511230469,0.351051777601,-1.468528866768,0.50829154253,20.113785247116,-84.140506158929,29.122960149167
2023-12-17 11:44:18.493,73237565671,0.671752929688,0.069946289062,0.041320800781,0.736206054688,0.338601201773,-1.469536185265,0.4961130023,19.400419799633,-84.198221257416,28.425181193369
2023-12-17 11:44:18.510,73277952299,0.671203613281,0.068481445312,0.042236328125,0.73681640625,0.301695734262,-1.469683766365,0.458474457264,17.28589227034,-84.206677031608,26.268651415775
2023-12-17 11:44:18.527,73317360216,0.670349121094,0.06689453125,0.042846679688,0.737670898438,0.264875888824,-1.468052387238,0.420205622911,15.176270524418,-84.113205892817,24.076008720492
2023-12-17 11:44:18.550,73357784312,0.6689453125,0.065673828125,0.042724609375,0.739135742188,0.239050686359,-1.46581530571,0.392640978098,13.696595418099,-83.985030562852,22.496670908899
2023-12-17 11:44:18.567,73392614342,0.66748046875,0.064697265625,0.04248046875,0.740539550781,0.219072565436,-1.462005496025,0.370909899473,12.551933406607,-83.766744547168,21.251571819435
2023-12-17 11:44:18.582,73433038438,0.667053222656,0.065856933594,0.041015625,0.740844726562,0.248581513762,-1.459096312523,0.399888366461,14.242671603563,-83.600060610663,22.911915674585
2023-12-17 11:44:18.599,73479040472,0.667663574219,0.067321777344,0.0400390625,0.740295410156,0.283083170652,-1.46053647995,0.435225784779,16.219470929564,-83.682576126026,24.936600603083
2023-12-17 11:44:18.616,73518415322,0.668273925781,0.068542480469,0.040344238281,0.739562988281,0.299116790295,-1.461122989655,0.453322857618,17.138129665383,-83.716180656742,25.97348649834
2023-12-17 11:44:18.634,73558854922,0.669311523438,0.068603515625,0.041076660156,0.738647460938,0.300101041794,-1.46497797966,0.455548465252,17.194523122265,-83.937055314122,26.101004422597
2023-12-17 11:44:18.650,73600163379,0.670715332031,0.068298339844,0.042602539062,0.737243652344,0.28960481286,-1.468581438065,0.446621090174,16.593133503582,-84.143518272353,25.589503508486
2023-12-17 11:44:18.669,73640603954,0.672119140625,0.068115234375,0.04296875,0.735961914062,0.29610222578,-1.472388267517,0.453360795975,16.965407841652,-84.361633533308,25.975660206044
2023-12-17 11:44:18.693,73679656516,0.674133300781,0.068298339844,0.042541503906,0.734130859375,0.326537340879,-1.477115750313,0.483436793089,18.709211485817,-84.632498345224,27.698887905334
2023-12-17 11:44:18.710,73720097091,0.676391601562,0.068603515625,0.041870117188,0.732116699219,0.368868231773,-1.482905268669,0.525349259377,21.134592877068,-84.964213312454,30.100295332599
2023-12-17 11:44:18.730,73759737971,0.676879882812,0.068298339844,0.041015625,0.731750488281,0.383851826191,-1.483785629272,0.538702726364,21.993089599131,-85.014654259475,30.865392632856
2023-12-17 11:44:18.760,73803061018,0.675720214844,0.067810058594,0.039489746094,0.73291015625,0.383409798145,-1.47955083847,0.5353307724,21.967763257688,-84.7720186194,30.672193901993
2023-12-17 11:44:18.779,73843475773,0.675048828125,0.066650390625,0.038818359375,0.733642578125,0.368212968111,-1.477635264397,0.517485141754,21.097049034748,-84.662264309627,29.649714583242
2023-12-17 11:44:18.799,73881383523,0.673583984375,0.066223144531,0.037658691406,0.735107421875,0.360698908567,-1.473814487457,0.507783055305,20.666525135889,-84.443349916538,29.093825977262
2023-12-17 11:44:18.816,73921798278,0.672546386719,0.065124511719,0.036926269531,0.736206054688,0.344398766756,-1.471508860588,0.488923460245,19.732595804633,-84.311247227801,28.013250776978
2023-12-17 11:44:18.833,73963895252,0.673156738281,0.062683105469,0.036499023438,0.735900878906,0.324909090996,-1.474104881287,0.465389728546,18.615919639491,-84.459988257357,26.664867274433
2023-12-17 11:44:18.849,74004350356,0.673767089844,0.060974121094,0.036437988281,0.735473632812,0.309214264154,-1.476097345352,0.447145581245,17.716672301292,-84.574148039144,25.619554633287
2023-12-17 11:44:18.865,74041596280,0.674438476562,0.061340332031,0.036254882812,0.734802246094,0.324295222759,-1.477013230324,0.462414383888,18.58074758036,-84.626624382537,26.494392582939
2023-12-17 11:44:18.882,74084949034,0.675231933594,0.061645507812,0.036071777344,0.734069824219,0.340411216021,-1.478917837143,0.478721708059,19.504125976896,-84.735750314907,27.428733433092
2023-12-17 11:44:18.899,74125372826,0.674926757812,0.060668945312,0.037719726562,0.734375,0.298502653837,-1.479940772057,0.437812030315,17.102942238326,-84.794360168175,25.084781557126
2023-12-17 11:44:18.916,74159246065,0.673034667969,0.059875488281,0.040954589844,0.736022949219,0.220299839973,-1.477405548096,0.3631259799,12.622251057886,-84.649102535096,20.805586079843
2023-12-17 11:44:18.933,74199657241,0.673095703125,0.058959960938,0.042724609375,0.735900878906,0.180745199323,-1.478042960167,0.324694186449,10.355937088442,-84.685623556588,18.603606515964
2023-12-17 11:44:18.960,74246385722,0.6728515625,0.059204101562,0.043579101562,0.736022949219,0.169400528073,-1.477257966995,0.314840912819,9.705935305888,-84.640646760903,18.03905552257
2023-12-17 11:44:18.977,74286765620,0.672973632812,0.060180664062,0.044189453125,0.73583984375,0.17500127852,-1.478246569633,0.322786331177,10.026834668568,-84.69728951969,18.49429446094
2023-12-17 11:44:18.993,74325391431,0.675537109375,0.060729980469,0.042785644531,0.733520507812,0.226586982608,-1.484021186829,0.373124301434,12.982477796034,-85.028150713275,21.37844770591
2023-12-17 11:44:19.009,74368872003,0.676635742188,0.060546875,0.042663574219,0.732543945312,0.236311212182,-1.487071871758,0.382436960936,13.539635109652,-85.202942084325,21.912023791419
2023-12-17 11:44:19.024,74409304832,0.67626953125,0.061950683594,0.043579101562,0.732727050781,0.239745974541,-1.486408829689,0.389204233885,13.736432496434,-85.164952572161,22.299759970222
2023-12-17 11:44:19.062,74448779083,0.678100585938,0.062438964844,0.043823242188,0.73095703125,0.263152062893,-1.490741491318,0.413582831621,15.077502573925,-85.413195797545,23.696550730963
2023-12-17 11:44:19.089,74489182219,0.678161621094,0.064453125,0.044189453125,0.730651855469,0.290958762169,-1.48948943615,0.444638580084,16.670709084628,-85.341458320693,25.475914047494
2023-12-17 11:44:19.123,74529353784,0.6787109375,0.063720703125,0.044860839844,0.730224609375,0.27386623621,-1.492546200752,0.427600651979,15.691379485958,-85.51659803139,24.499712675465
2023-12-17 11:44:19.145,74569756920,0.68017578125,0.061157226562,0.045349121094,0.72900390625,0.23728325963,-1.496596693993,0.38792526722,13.595329325918,-85.748674199009,22.226480578165
2023-12-17 11:44:19.188,74610318755,0.679321289062,0.059326171875,0.047180175781,0.729858398438,0.160245761275,-1.496143817902,0.310952723026,9.181405805935,-85.722726310352,17.816278657506
2023-12-17 11:44:19.258,74651056761,0.679443359375,0.056518554688,0.04833984375,0.729858398438,0.086400613189,-1.496739983559,0.234667792916,4.950390483057,-85.756884086391,13.445474121754
2023-12-17 11:44:19.277,74691468934,0.679931640625,0.0546875,0.047607421875,0.729614257812,0.069011032581,-1.498430013657,0.213703542948,3.95404090675,-85.853715678254,12.2443110779
2023-12-17 11:44:19.330,74731422243,0.677429199219,0.055541992188,0.047180175781,0.73193359375,0.079418711364,-1.492129445076,0.224836602807,4.55035697554,-85.492719690052,12.882188420903
2023-12-17 11:44:19.352,74771834416,0.674255371094,0.056213378906,0.047607421875,0.734741210938,0.067695491016,-1.483118057251,0.214615151286,3.878665927277,-84.976405200123,12.296542388257
2023-12-17 11:44:19.402,74812291126,0.671203613281,0.057067871094,0.046630859375,0.737548828125,0.082490883768,-1.474979400635,0.22932998836,4.726379488188,-84.510094525108,13.139640448835
2023-12-17 11:44:19.420,74852694262,0.668395996094,0.056274414062,0.046630859375,0.740173339844,0.060597952455,-1.467853188515,0.206382885575,3.472006922822,-84.101792646714,11.824868307196
2023-12-17 11:44:19.473,74891459434,0.66552734375,0.053649902344,0.047912597656,0.742858886719,0.00206612912,-1.460529923439,0.145963564515,0.118380478509,-83.682200465621,8.363096209402
2023-12-17 11:44:19.491,74931862570,0.6640625,0.05126953125,0.049438476562,0.744201660156,-0.048498120159,-1.456385374069,0.094141930342,-2.778737599424,-83.444735278748,5.393935283795
2023-12-17 11:44:19.567,74973346119,0.666259765625,0.050964355469,0.051147460938,0.7421875,-0.074755109847,-1.462973237038,0.069933861494,-4.283152291247,-83.82219202285,4.006915108662
2023-12-17 11:44:19.619,75014307063,0.667907714844,0.052001953125,0.053161621094,0.740417480469,-0.09039337188,-1.466731667519,0.058456484228,-5.179158704684,-84.037534227002,3.349309831459
2023-12-17 11:44:19.637,75054710199,0.671020507812,0.05419921875,0.05419921875,0.737365722656,-0.076693817973,-1.475367665291,0.076693817973,-4.394232084605,-84.532340451235,4.394232084605
2023-12-17 11:44:19.685,75089687358,0.671813964844,0.055908203125,0.0546875,0.736511230469,-0.059437945485,-1.478156924248,0.097127906978,-3.405543419226,-84.692153217435,5.565019142786
2023-12-17 11:44:19.705,75130090494,0.674865722656,0.058349609375,0.05419921875,0.733581542969,-0.009163777344,-1.486665129662,0.150179326534,-0.525045766205,-85.179637478877,8.604641580531
2023-12-17 11:44:19.776,75175582691,0.67822265625,0.061401367188,0.0546875,0.730163574219,0.046234585345,-1.495183825493,0.210465148091,2.649046607794,-85.667722796966,12.058764720228
2023-12-17 11:44:19.790,75216017123,0.68017578125,0.064086914062,0.054931640625,0.728149414062,0.104209572077,-1.501212120056,0.272747129202,5.970768664865,-86.013118633104,15.627259377578
2023-12-17 11:44:19.828,75244861174,0.681823730469,0.066589355469,0.054565429688,0.726379394531,0.177549660206,-1.504336595535,0.348999679089,10.172846183777,-86.19213789125,19.996208663196
2023-12-17 11:44:19.845,75285207506,0.682739257812,0.068542480469,0.053771972656,0.725402832031,0.246387302876,-1.505873799324,0.419501870871,14.116952580379,-86.280213180598,24.035686698727
2023-12-17 11:44:19.903,75337828570,0.680847167969,0.070495605469,0.053649902344,0.726989746094,0.261773407459,-1.500099658966,0.437479734421,14.998511436174,-85.94937930777,25.065742404815
2023-12-17 11:44:19.968,75378362297,0.679626464844,0.071350097656,0.053527832031,0.728088378906,0.263788759708,-1.497223258018,0.440656006336,15.113982614282,-85.784573673286,25.247729380155
2023-12-17 11:44:19.985,75418677377,0.680541992188,0.072326660156,0.053039550781,0.727172851562,0.303204983473,-1.498888134956,0.480762243271,17.372365880327,-85.879964095235,27.545647488663
2023-12-17 11:44:20.040,75459020857,0.682189941406,0.074523925781,0.052673339844,0.725402832031,0.377609461546,-1.501152992249,0.557664096355,21.63542845079,-86.009730859276,31.951799107143
2023-12-17 11:44:20.058,75499422702,0.684509277344,0.076721191406,0.052673339844,0.723022460938,0.466324567795,-1.506186008453,0.649609088898,26.718429617904,-86.298101446034,37.219859127177
2023-12-17 11:44:20.109,75539903412,0.688232421875,0.078002929688,0.053161621094,0.71923828125,0.581346333027,-1.512473702431,0.766878962517,33.308691317847,-86.658359773806,43.938927949583
2023-12-17 11:44:20.187,75581196501,0.690368652344,0.078308105469,0.053833007812,0.717102050781,0.646239042282,-1.517136693001,0.833123266697,37.026769679341,-86.92552945338,47.734446995886
2023-12-17 11:44:20.204,75621608674,0.692565917969,0.077270507812,0.05322265625,0.715148925781,0.722791433334,-1.521814584732,0.907359242439,41.41289859827,-87.193552906601,51.987855093958
2023-12-17 11:44:20.254,75657267691,0.69384765625,0.075134277344,0.052490234375,0.714172363281,0.746830642223,-1.524777054787,0.927246153355,42.790243810443,-87.363289937665,53.127291156961
2023-12-17 11:44:20.273,75697679864,0.697204589844,0.073669433594,0.051696777344,0.711120605469,0.914996623993,-1.531046032906,1.092270851135,52.425444823513,-87.722475925737,62.582509855212
2023-12-17 11:44:20.323,75740253198,0.69970703125,0.072509765625,0.05078125,0.708801269531,1.082474827766,-1.532603383064,1.256739854813,62.021239060166,-87.811705517054,72.005889626647
2023-12-17 11:44:20.339,75780665371,0.70166015625,0.072021484375,0.050537109375,0.70703125,1.237865209579,-1.538262724876,1.411379337311,70.924452114981,-88.135961917712,80.866079319879
2023-12-17 11:44:20.395,75822892243,0.702392578125,0.072448730469,0.051086425781,0.706176757812,1.304835319519,-1.536999106407,1.479691267014,74.761556768045,-88.06356191251,84.780064582242
2023-12-17 11:44:20.465,75863090319,0.701293945312,0.072631835938,0.051940917969,0.707153320312,1.202085256577,-1.53585934639,1.378283023834,68.874411816736,-87.998258473855,78.96980024023
2023-12-17 11:44:20.481,75903507656,0.699401855469,0.072998046875,0.0537109375,0.708862304688,1.021173000336,-1.536176562309,1.200280308723,58.508903071947,-88.016433607236,68.770995922513
2023-12-17 11:44:20.539,75943921237,0.698486328125,0.075317382812,0.057006835938,0.709289550781,0.941280961037,-1.537487745285,1.128394722939,53.93142640342,-88.091558857917,64.652255249212
2023-12-17 11:44:20.558,75984338574,0.695922851562,0.07666015625,0.058349609375,0.711547851562,0.766505300999,-1.533671975136,0.957367897034,43.91751872163,-87.872931332774,54.853139941346
