timestamp,time,x,y,z,cos,azimuth,pith,roll,azimuthInDegrees,pitchInDegrees,rollInDegrees
2023-12-10 23:59:04.284,89977404302,0.183227539062,-0.112609863281,-0.59130859375,0.777160644531,1.310747981071,-0.431208312511,0.045870214701,75.100327320689,-24.706416397864,2.628169707709
2023-12-10 23:59:04.322,90017823872,0.179992675781,-0.117248535156,-0.607482910156,0.7646484375,1.352058053017,-0.430929154158,0.043353509158,77.46722009453,-24.690421802375,2.483973101829
2023-12-10 23:59:04.411,90187308365,0.178894042969,-0.115905761719,-0.612060546875,0.761474609375,1.364107966423,-0.427205681801,0.046680603176,78.157629276213,-24.477082551197,2.67460154713
2023-12-10 23:59:04.479,90229882546,0.178649902344,-0.116394042969,-0.611938476562,0.761535644531,1.363547086716,-0.427446633577,0.045475479215,78.125493236168,-24.490888071057,2.605553030376
2023-12-10 23:59:04.552,90272933067,0.067687988281,-0.06298828125,-0.620788574219,0.778442382812,1.344978928566,-0.184634447098,-0.014268654399,77.061616140858,-10.578774571434,-0.817533676372
2023-12-10 23:59:04.582,90313584837,0.067199707031,-0.062866210938,-0.620056152344,0.779052734375,1.342976689339,-0.183696776628,-0.014867725782,76.946896283558,-10.52505001097,-0.851857938272
2023-12-10 23:59:04.622,90354182217,0.0673828125,-0.062866210938,-0.619262695312,0.779663085938,1.340960860252,-0.183969154954,-0.014824329875,76.831397784694,-10.54065613945,-0.849371535971
2023-12-10 23:59:04.639,90394594390,0.067199707031,-0.063110351562,-0.618774414062,0.780090332031,1.339658379555,-0.183982014656,-0.015563943423,76.756771137822,-10.541392946107,-0.891748270737
2023-12-10 23:59:04.745,90433913242,0.066589355469,-0.063049316406,-0.618103027344,0.780700683594,1.337804198265,-0.18293325603,-0.016401531175,76.650534375472,-10.48130350311,-0.939738513867
2023-12-10 23:59:04.767,90474296692,0.066711425781,-0.063842773438,-0.617553710938,0.781066894531,1.336369037628,-0.184103086591,-0.017634088174,76.568305728054,-10.548329856982,-1.010358827904
2023-12-10 23:59:04.802,90506665489,0.066467285156,-0.063781738281,-0.617126464844,0.781372070312,1.335201501846,-0.183624312282,-0.017939675599,76.501410855323,-10.520898109728,-1.027867697676
2023-12-10 23:59:04.841,90519870730,0.065856933594,-0.063781738281,-0.616760253906,0.78173828125,1.334137916565,-0.18265581131,-0.018799221143,76.440471907548,-10.46540709159,-1.077116029634
2023-12-10 23:59:04.862,90560254180,0.065551757812,-0.063720703125,-0.613037109375,0.78466796875,1.324485659599,-0.182002171874,-0.019958868623,75.887438320641,-10.427956310597,-1.143558935941
2023-12-10 23:59:04.890,90600637630,0.0654296875,-0.063537597656,-0.612915039062,0.784790039062,1.324158430099,-0.181579604745,-0.019849320874,75.868689451369,-10.403744997537,-1.137282312259
2023-12-10 23:59:04.931,90674908425,0.06494140625,-0.062072753906,-0.612731933594,0.78515625,1.323693275452,-0.179000601172,-0.01818177104,75.842038053228,-10.255978977486,-1.041738744663
2023-12-10 23:59:05.020,90718485475,0.065124511719,-0.061462402344,-0.611999511719,0.785705566406,1.321867704391,-0.178513914347,-0.017143655568,75.737440536278,-10.228093876425,-0.982259109493
2023-12-10 23:59:05.048,90759239155,0.064758300781,-0.059387207031,-0.612426757812,0.785583496094,1.323013067245,-0.175384476781,-0.014206203632,75.803064993824,-10.048790311655,-0.81395551102
2023-12-10 23:59:05.089,90797764558,0.063903808594,-0.05908203125,-0.612182617188,0.785827636719,1.322221875191,-0.173644050956,-0.014838699251,75.757733028303,-9.94907125732,-0.85019484057
2023-12-10 23:59:05.123,90840108407,0.063415527344,-0.059265136719,-0.611938476562,0.786071777344,1.32149875164,-0.173094630241,-0.015797235072,75.716301100797,-9.917591769209,-0.905114897582
2023-12-10 23:59:05.155,90880504757,0.062683105469,-0.059387207031,-0.611633300781,0.786376953125,1.320573687553,-0.172079473734,-0.016974834725,75.663298832838,-9.859427585785,-0.97258638769
2023-12-10 23:59:05.208,90919310582,0.061706542969,-0.060729980469,-0.611145019531,0.786682128906,1.319048643112,-0.172165796161,-0.020430576056,75.575920222786,-9.864373496518,-1.170585781044
2023-12-10 23:59:05.236,90959708222,0.061279296875,-0.062255859375,-0.608764648438,0.788452148438,1.312798261642,-0.173296004534,-0.023922804743,75.217799744224,-9.929129666265,-1.370675745892
2023-12-10 23:59:05.276,91000892710,0.060791015625,-0.064514160156,-0.605163574219,0.791076660156,1.303391695023,-0.17515823245,-0.028941137716,74.678843177197,-10.035827466384,-1.658205045444
2023-12-10 23:59:05.298,91041292930,0.059326171875,-0.068054199219,-0.599914550781,0.794921875,1.289598345757,-0.176893860102,-0.037609934807,73.888542478902,-10.135271605605,-2.154890532193
2023-12-10 23:59:05.330,91081506711,0.057922363281,-0.071716308594,-0.592163085938,0.800476074219,1.269546508789,-0.178614646196,-0.046979892999,72.739656849182,-10.233865386274,-2.691749590815
2023-12-10 23:59:05.402,91123069302,0.056884765625,-0.074279785156,-0.584594726562,0.805847167969,1.250221610069,-0.179490208626,-0.054102472961,71.63242171302,-10.284031418181,-3.099843361883
2023-12-10 23:59:05.420,91163438204,0.054748535156,-0.074829101562,-0.576599121094,0.811706542969,1.229980349541,-0.176080733538,-0.059293709695,70.472682912708,-10.088682885276,-3.397279317217
2023-12-10 23:59:05.474,91202930368,0.05224609375,-0.0732421875,-0.567932128906,0.818115234375,1.208376407623,-0.169490158558,-0.06141474098,69.234868219995,-9.71107075437,-3.518805458024
2023-12-10 23:59:05.497,91243330588,0.049011230469,-0.068237304688,-0.55810546875,0.825439453125,1.184308171272,-0.157732069492,-0.058706827462,67.855859856758,-9.037381875775,-3.363653442159
2023-12-10 23:59:05.546,91283790278,0.045654296875,-0.061218261719,-0.545959472656,0.834289550781,1.155070781708,-0.143515348434,-0.052864603698,66.180680830732,-8.222823760643,-3.028918677542
2023-12-10 23:59:05.563,91324190498,0.043579101562,-0.054138183594,-0.531311035156,0.84423828125,1.120299816132,-0.131489291787,-0.045511439443,64.188451253622,-7.533781470568,-2.607613399628
2023-12-10 23:59:05.615,91363972181,0.040954589844,-0.046875,-0.513977050781,0.85546875,1.079644322395,-0.118533469737,-0.038379453123,61.859063048514,-6.791467546947,-2.198980683946
2023-12-10 23:59:05.686,91404405605,0.038635253906,-0.041259765625,-0.493957519531,0.867614746094,1.033256292343,-0.108012072742,-0.033629104495,59.201224706597,-6.188635904576,-1.926805756371
2023-12-10 23:59:05.712,91444805825,0.036071777344,-0.036376953125,-0.472534179688,0.879760742188,0.984231114388,-0.098004586995,-0.030064526945,56.392288919862,-5.615249207716,-1.722570507026
2023-12-10 23:59:05.767,91485791673,0.035461425781,-0.034362792969,-0.447082519531,0.89306640625,0.926784396172,-0.094204097986,-0.029804704711,53.100834419211,-5.397497227447,-1.707683789565
2023-12-10 23:59:05.796,91526200923,0.036315917969,-0.03173828125,-0.418518066406,0.906860351562,0.863399386406,-0.092565149069,-0.027286846191,49.469140875246,-5.303592371643,-1.563421122949
2023-12-10 23:59:05.830,91561425429,0.037719726562,-0.0322265625,-0.388244628906,0.920166015625,0.797034025192,-0.094581350684,-0.030157968402,45.66668577184,-5.419112214849,-1.727924308118
2023-12-10 23:59:05.874,91601834679,0.042541503906,-0.031372070312,-0.361450195312,0.930847167969,0.739286899567,-0.102055221796,-0.027800157666,42.358019194481,-5.847333486184,-1.592831704072
2023-12-10 23:59:05.899,91647465700,0.049682617188,-0.033935546875,-0.333068847656,0.94091796875,0.678557217121,-0.116362698376,-0.030980117619,38.878464699183,-6.667091509709,-1.77502998839
2023-12-10 23:59:05.971,91688664617,0.060424804688,-0.03515625,-0.306335449219,0.949340820312,0.622199714184,-0.136691957712,-0.030014446005,35.649417636978,-7.831872270288,-1.719701080523
2023-12-10 23:59:05.988,91729110356,0.07177734375,-0.037963867188,-0.287841796875,0.954162597656,0.583383440971,-0.159505188465,-0.031531840563,33.425409005479,-9.13897410949,-1.806641384529
2023-12-10 23:59:06.052,91768601896,0.083068847656,-0.041931152344,-0.278503417969,0.955871582031,0.56380969286,-0.18318502605,-0.034475266933,32.303915849425,-10.495728862637,-1.975287292873
2023-12-10 23:59:06.068,91809011146,0.090881347656,-0.048217773438,-0.274658203125,0.955993652344,0.555136740208,-0.201613903046,-0.043156478554,31.80699226655,-11.551625735676,-2.472684079792
2023-12-10 23:59:06.113,91844115248,0.097045898438,-0.04150390625,-0.278564453125,0.954528808594,0.565111041069,-0.209927752614,-0.025734096766,32.3784776095,-12.02797422745,-1.474455134245
2023-12-10 23:59:06.132,91884524498,0.10302734375,-0.038146972656,-0.290283203125,0.950561523438,0.591278493404,-0.219779580832,-0.013021489605,33.877762188925,-12.592442404801,-0.746076397358
2023-12-10 23:59:06.184,91929929212,0.111938476562,-0.038696289062,-0.3056640625,0.944702148438,0.625228106976,-0.237376153469,-0.00481689861,35.822931762653,-13.600651750828,-0.275987960721
2023-12-10 23:59:06.259,91971502014,0.122314453125,-0.041442871094,-0.324096679688,0.937133789062,0.666101098061,-0.258998930454,0.001663886826,38.164781647903,-14.839545613431,0.095333692692
2023-12-10 23:59:06.290,92011933194,0.130065917969,-0.044006347656,-0.364929199219,0.920837402344,0.75660276413,-0.275114923716,0.01442737598,43.35014515256,-15.762924009967,0.826627753086
2023-12-10 23:59:06.326,92047772418,0.140930175781,-0.045166015625,-0.391296386719,0.908264160156,0.817941963673,-0.295638024807,0.029530908912,46.864622405085,-16.938811085024,1.691996445867
2023-12-10 23:59:06.351,92088203598,0.149230957031,-0.051147460938,-0.420959472656,0.893188476562,0.886474967003,-0.314819395542,0.036051206291,50.791274253263,-18.037822673425,2.065581966814
2023-12-10 23:59:06.397,92132063092,0.158264160156,-0.05078125,-0.452392578125,0.876159667969,0.962734222412,-0.329188793898,0.057317666709,55.160607737023,-18.861128553336,3.284060393987
2023-12-10 23:59:06.424,92172494272,0.167419433594,-0.059387207031,-0.483154296875,0.857238769531,1.037700891495,-0.351624369621,0.063912816346,59.455881479612,-20.146592353247,3.661934633403
2023-12-10 23:59:06.550,92212883567,0.172729492188,-0.064697265625,-0.51513671875,0.836975097656,1.117087602615,-0.363766163588,0.074605666101,64.004404976247,-20.842265903233,4.274589795348
2023-12-10 23:59:06.566,92253297812,0.172973632812,-0.061767578125,-0.540710449219,0.820861816406,1.181471943855,-0.358394980431,0.091592095792,67.693355996025,-20.534519777347,5.247840525656
2023-12-10 23:59:06.591,92293719962,0.170227050781,-0.066711425781,-0.564392089844,0.804931640625,1.23924934864,-0.356872051954,0.090576983988,71.003757441434,-20.447262403153,5.189678903553
2023-12-10 23:59:06.616,92333731678,0.163757324219,-0.070434570312,-0.5859375,0.790466308594,1.290811181068,-0.348437696695,0.085806444287,73.958032823518,-19.964009443902,4.916347112687
2023-12-10 23:59:06.633,92374153828,0.154357910156,-0.075866699219,-0.604248046875,0.777954101562,1.33308660984,-0.338265478611,0.072678633034,76.380236469258,-19.381184279383,4.164178933641
2023-12-10 23:59:06.687,92413498822,0.139892578125,-0.080078125,-0.619812011719,0.768005371094,1.366584062576,-0.3195540905,0.053126621991,78.299499135464,-18.309100711785,3.043931219894
2023-12-10 23:59:06.705,92453901622,0.125305175781,-0.082214355469,-0.633056640625,0.759399414062,1.395054578781,-0.298833966255,0.035357709974,79.930739554559,-17.121925041577,2.025847554761
2023-12-10 23:59:06.756,92494333979,0.112976074219,-0.080871582031,-0.644409179688,0.751892089844,1.420539021492,-0.277674943209,0.024950534105,81.390890565136,-15.909602322393,1.429560300831
2023-12-10 23:59:06.771,92534736779,0.094970703125,-0.084533691406,-0.652465820312,0.747009277344,1.435472726822,-0.254951715469,-0.002443635371,82.246528853031,-14.607657276015,-0.140009993403
2023-12-10 23:59:06.826,92573444557,0.07763671875,-0.085876464844,-0.66162109375,0.740783691406,1.455006837845,-0.23070037365,-0.025169065222,83.365750971186,-13.218157742213,-1.442081211518
2023-12-10 23:59:06.892,92616163327,0.061706542969,-0.085144042969,-0.671875,0.733093261719,1.479165792465,-0.206346824765,-0.042840626091,84.74995710838,-11.822802174972,-2.454587066699
2023-12-10 23:59:06.919,92656566127,0.048828125,-0.082885742188,-0.681823730469,0.72509765625,1.504141330719,-0.184888824821,-0.054572988302,86.18095004139,-10.593349341349,-3.126801905094
2023-12-10 23:59:06.975,92697549762,0.037170410156,-0.081298828125,-0.691589355469,0.716674804688,1.529565930367,-0.166497185826,-0.066077597439,87.637672297003,-9.539586048652,-3.785967453636
2023-12-10 23:59:06.992,92737956432,0.0283203125,-0.079650878906,-0.701843261719,0.707214355469,1.557411074638,-0.152451783419,-0.073830358684,89.233081543712,-8.734843769131,-4.230167952534
2023-12-10 23:59:07.036,92768775741,0.020629882812,-0.078125,-0.710754394531,0.69873046875,1.58210337162,-0.140345096588,-0.080731734633,90.647845947254,-8.041181709856,-4.625587667267
2023-12-10 23:59:07.052,92809182411,0.015197753906,-0.077575683594,-0.722045898438,0.687255859375,1.614362716675,-0.1333104074,-0.085544191301,92.49617026874,-7.638123709197,-4.9013211234
2023-12-10 23:59:07.114,92858600239,0.0107421875,-0.079467773438,-0.735595703125,0.672546386719,1.654059648514,-0.131742298603,-0.092013895512,94.770636922733,-7.548277693307,-5.272007869374
2023-12-10 23:59:07.181,92897855233,0.005432128906,-0.076965332031,-0.747985839844,0.659118652344,1.691027879715,-0.122605733573,-0.094177469611,96.888760546624,-7.024791077863,-5.395971533941
2023-12-10 23:59:07.197,92938251583,0.002014160156,-0.074340820312,-0.759094238281,0.646606445312,1.724914669991,-0.11572625488,-0.093845263124,98.830330610659,-6.630625983504,-5.376937504272
2023-12-10 23:59:07.248,92979530939,0.000366210938,-0.072143554688,-0.771301269531,0.63232421875,1.762998342514,-0.111985877156,-0.091369979084,101.012364314614,-6.416318126124,-5.235114175685
2023-12-10 23:59:07.267,93019905359,0.000244140625,-0.073791503906,-0.784973144531,0.614990234375,1.806981801987,-0.116411738098,-0.091120891273,103.532430910782,-6.669901278779,-5.220842495415
2023-12-10 23:59:07.322,93061516277,0.000122070312,-0.080444335938,-0.798889160156,0.596008300781,1.853334307671,-0.129035502672,-0.096648670733,106.188233856325,-7.393189710466,-5.537560928549
2023-12-10 23:59:07.349,93101890697,0.002136230469,-0.08642578125,-0.810180664062,0.579711914062,1.892358422279,-0.143004715443,-0.097896747291,108.424150922642,-8.193566645334,-5.609070447838
2023-12-10 23:59:07.395,93141250711,0.007446289062,-0.096984863281,-0.819519042969,0.564636230469,1.926553845406,-0.168162226677,-0.098871208727,110.383404346439,-9.634985862111,-5.664902975435
2023-12-10 23:59:07.462,93180388952,0.011901855469,-0.110656738281,-0.827941894531,0.549560546875,1.959172010422,-0.19759966433,-0.104128025472,112.252287537327,-11.321626799338,-5.966096388586
2023-12-10 23:59:07.489,93220745312,0.021118164062,-0.124938964844,-0.835815429688,0.534118652344,1.992393374443,-0.233527839184,-0.101073801517,114.155731485415,-13.380159584042,-5.791102246295
2023-12-10 23:59:07.533,93262962938,0.032775878906,-0.138732910156,-0.843383789062,0.518005371094,2.027397632599,-0.271281540394,-0.09193046391,116.16132774273,-15.543287324374,-5.267227590729
2023-12-10 23:59:07.551,93303319298,0.036682128906,-0.147155761719,-0.849548339844,0.505187988281,2.055336952209,-0.291192352772,-0.090274140239,117.762132838885,-16.684092840306,-5.172327234853
2023-12-10 23:59:07.609,93344614967,0.031555175781,-0.153442382812,-0.857788085938,0.489440917969,2.089317798615,-0.298546046019,-0.100683420897,119.709091922175,-17.105428427184,-5.76873508431
2023-12-10 23:59:07.629,93384971327,0.029113769531,-0.161376953125,-0.859619140625,0.483825683594,2.09872841835,-0.310586810112,-0.111667230725,120.248280715634,-17.795313391849,-6.398061030473
2023-12-10 23:59:07.710,93420150427,0.029602050781,-0.168151855469,-0.859802246094,0.481079101562,2.102066993713,-0.32323589921,-0.117210283875,120.43956699353,-18.520052811848,-6.715654581594
2023-12-10 23:59:07.744,93457109186,0.031372070312,-0.174987792969,-0.861267089844,0.475952148438,2.111408233643,-0.337665855885,-0.119552411139,120.974780616892,-19.346828427858,-6.849848588878
2023-12-10 23:59:07.759,93497424266,0.0341796875,-0.182739257812,-0.859619140625,0.475769042969,2.108422756195,-0.354045897722,-0.123044043779,120.803725359318,-20.285335693405,-7.049904402781
2023-12-10 23:59:07.824,93546741576,0.047790527344,-0.181091308594,-0.857299804688,0.479431152344,2.103560209274,-0.364330261946,-0.09830083698,120.525121943073,-20.874586358386,-5.632223081577
2023-12-10 23:59:07.841,93587056656,0.056396484375,-0.185363769531,-0.851928710938,0.486389160156,2.086491346359,-0.37975692749,-0.090812899172,119.547148136954,-21.758469186046,-5.20319584792
2023-12-10 23:59:07.892,93620113157,0.066040039062,-0.187438964844,-0.845336914062,0.495788574219,2.064637422562,-0.392372816801,-0.080398693681,118.295010537551,-22.481306398361,-4.606505826273
2023-12-10 23:59:07.909,93660405017,0.076354980469,-0.190002441406,-0.833190917969,0.513610839844,2.021440505981,-0.406122386456,-0.074021555483,115.820009529526,-23.269098709683,-4.241122722189
2023-12-10 23:59:07.959,93706666387,0.090698242188,-0.192626953125,-0.817932128906,0.534362792969,1.97046148777,-0.42469522357,-0.06314367801,112.899126942295,-24.333243889918,-3.617866252878
2023-12-10 23:59:08.031,93749772706,0.10205078125,-0.194885253906,-0.807800292969,0.546752929688,1.93948328495,-0.440564215183,-0.053353093565,111.124206663818,-25.242470134494,-3.056907085213
2023-12-10 23:59:08.051,93790064566,0.107604980469,-0.196472167969,-0.797302246094,0.560363769531,1.903901100159,-0.448807299137,-0.053974039853,109.085497649407,-25.714764055222,-3.092484686826
2023-12-10 23:59:08.100,93828849848,0.11767578125,-0.195861816406,-0.781372070312,0.580688476562,1.851963400841,-0.458660930395,-0.048614166677,106.10968668087,-26.279335539184,-2.785386575138
2023-12-10 23:59:08.123,93869171378,0.12353515625,-0.1982421875,-0.765991210938,0.598876953125,1.801512241364,-0.468634307384,-0.05404189229,103.219048171283,-26.850767948168,-3.096372345124
2023-12-10 23:59:08.177,93910145105,0.130004882812,-0.199157714844,-0.749267578125,0.617980957031,1.748041987419,-0.477011054754,-0.057818237692,100.155428290777,-27.330720218503,-3.312740998643
2023-12-10 23:59:08.192,93950518548,0.137329101562,-0.19775390625,-0.728698730469,0.641052246094,1.683641672134,-0.482817351818,-0.060327123851,96.46556202565,-27.663396534859,-3.456489586801
2023-12-10 23:59:08.241,93989384903,0.139892578125,-0.199951171875,-0.705993652344,0.664733886719,1.611553072929,-0.487378448248,-0.077381968498,92.335189540192,-27.92472811024,-4.433660205363
2023-12-10 23:59:08.315,94032481918,0.141784667969,-0.200134277344,-0.681518554688,0.689392089844,1.535859107971,-0.487344145775,-0.093717440963,87.998244813477,-27.922762723307,-5.369613833934
2023-12-10 23:59:08.333,94072838278,0.142272949219,-0.200988769531,-0.65478515625,0.714477539062,1.455169439316,-0.485341668129,-0.114310838282,83.375067349213,-27.808029205629,-6.549528586167
2023-12-10 23:59:08.389,94110420352,0.14404296875,-0.201721191406,-0.627136230469,0.738342285156,1.375273942947,-0.484447360039,-0.132842823863,78.797392605201,-27.756789126475,-7.611333145951
2023-12-10 23:59:08.407,94150776712,0.14599609375,-0.201232910156,-0.598876953125,0.76123046875,1.296461105347,-0.481716305017,-0.148939847946,74.28174963923,-27.600311200138,-8.533624688636
2023-12-10 23:59:08.456,94187987305,0.144592285156,-0.200988769531,-0.568603515625,0.784423828125,1.213242888451,-0.472831696272,-0.170308724046,69.513697032482,-27.091260616391,-9.75797110208
2023-12-10 23:59:08.473,94228326895,0.1435546875,-0.198913574219,-0.538146972656,0.806274414062,1.132890343666,-0.461820274591,-0.186793103814,64.909835343192,-26.460352627663,-10.702456490698
2023-12-10 23:59:08.526,94271870384,0.141296386719,-0.196960449219,-0.509216308594,0.825744628906,1.058664441109,-0.448861837387,-0.202707529068,60.657004396105,-25.717888866767,-11.614285891121
2023-12-10 23:59:08.599,94315415332,0.141723632812,-0.1865234375,-0.481323242188,0.844604492188,0.992238223553,-0.432296305895,-0.198041290045,56.851062481128,-24.768753826871,-11.346930088892
2023-12-10 23:59:08.622,94355754922,0.135437011719,-0.178894042969,-0.454528808594,0.861938476562,0.928340554237,-0.407267391682,-0.203172951937,53.189995708637,-23.334702676661,-11.640952657188
2023-12-10 23:59:08.676,94394025980,0.132690429688,-0.169372558594,-0.429748535156,0.876892089844,0.872071146965,-0.387943565845,-0.198998704553,49.965996156229,-22.227529012202,-11.401785899438
2023-12-10 23:59:08.692,94434400400,0.128967285156,-0.149536132812,-0.406311035156,0.89208984375,0.823027312756,-0.359298020601,-0.173924818635,47.155991444889,-20.586260167857,-9.965158060363
2023-12-10 23:59:08.740,94475872011,0.124267578125,-0.137084960938,-0.381713867188,0.905517578125,0.770059704781,-0.335993647575,-0.163206622005,44.121171057017,-19.251017949275,-9.351050629445
2023-12-10 23:59:08.756,94516312586,0.121398925781,-0.121032714844,-0.361328125,0.91650390625,0.728486180305,-0.315182745457,-0.141546413302,41.73918356511,-18.058641090015,-8.110012087443
2023-12-10 23:59:08.814,94555970644,0.117553710938,-0.103332519531,-0.344848632812,0.925476074219,0.696265399456,-0.293030053377,-0.115349248052,39.893068809821,-16.789385329004,-6.609025083367
2023-12-10 23:59:08.881,94596302123,0.11279296875,-0.093994140625,-0.328857421875,0.932861328125,0.663171470165,-0.275742799044,-0.105348832905,37.996926333955,-15.798898616325,-6.036043502102
2023-12-10 23:59:08.907,94636688153,0.116577148438,-0.076293945312,-0.315185546875,0.938720703125,0.637982606888,-0.270237445831,-0.07244078815,36.553710777426,-15.483465112529,-4.150551425587
2023-12-10 23:59:08.951,94677654556,0.119934082031,-0.061889648438,-0.302062988281,0.943664550781,0.613378882408,-0.266901820898,-0.045995119959,35.144021204438,-15.292347881815,-2.635326251855
2023-12-10 23:59:08.968,94718049616,0.124084472656,-0.053100585938,-0.290954589844,0.947143554688,0.592067122459,-0.26919066906,-0.029446488246,33.92294730538,-15.423489221427,-1.687159497996
2023-12-10 23:59:09.026,94758869507,0.131591796875,-0.042358398438,-0.279602050781,0.950073242188,0.571387588978,-0.277269750834,-0.007174592931,32.738097314585,-15.886386509404,-0.411073894661
2023-12-10 23:59:09.044,94799278757,0.139099121094,-0.0302734375,-0.268371582031,0.952697753906,0.551659464836,-0.285135954618,0.017692955211,31.607759063555,-16.337086787071,1.013731660693
2023-12-10 23:59:09.094,94836410442,0.143859863281,-0.023071289062,-0.2568359375,0.955383300781,0.529774844646,-0.290815621614,0.031124718487,30.353862690441,-16.662507734982,1.783315007853
2023-12-10 23:59:09.110,94876851017,0.151123046875,-0.015563964844,-0.2470703125,0.956970214844,0.512426733971,-0.301477402449,0.047025162727,29.359889166191,-17.273382778875,2.694343355152
2023-12-10 23:59:09.172,94920604049,0.158935546875,-0.014282226562,-0.243896484375,0.95654296875,0.507707118988,-0.316270411015,0.052849326283,29.089475146761,-18.120959736002,3.028043346111
2023-12-10 23:59:09.237,94961670495,0.165832519531,-0.012084960938,-0.242004394531,0.955871582031,0.505912542343,-0.328769236803,0.060432970524,28.986653478995,-18.837089702552,3.462554154454
2023-12-10 23:59:09.254,95002114575,0.168762207031,-0.008361816406,-0.242065429688,0.955383300781,0.507934749126,-0.332612454891,0.0695932284,29.102517392981,-19.057289878752,3.987398269996
2023-12-10 23:59:09.312,95040507245,0.171875,-0.0078125,-0.249755859375,0.952880859375,0.525506436825,-0.337845593691,0.075288042426,30.109300937019,-19.357126645579,4.313687078818
2023-12-10 23:59:09.333,95080951325,0.172912597656,-0.008911132812,-0.263427734375,0.948974609375,0.555008351803,-0.339349985123,0.078755520284,31.799636152814,-19.443321925357,4.51235892564
2023-12-10 23:59:09.380,95117685307,0.177490234375,-0.01025390625,-0.281555175781,0.94287109375,0.595378994942,-0.347421944141,0.085838645697,34.112703620901,-19.905811109531,4.918192117536
2023-12-10 23:59:09.407,95158160739,0.177062988281,-0.006591796875,-0.309448242188,0.934204101562,0.657515764236,-0.341504991055,0.103413805366,37.672878254067,-19.566794670078,5.925174590834
2023-12-10 23:59:09.466,95202487213,0.179504394531,-0.001403808594,-0.340026855469,0.923095703125,0.727584302425,-0.338798493147,0.127024009824,41.687509768945,-19.411723762709,7.277939659732
2023-12-10 23:59:09.522,95240795994,0.181274414062,0.002868652344,-0.373657226562,0.909606933594,0.804681479931,-0.333797365427,0.149463817477,46.10485265238,-19.125180251554,8.563645931359
2023-12-10 23:59:09.542,95281229754,0.182556152344,0.006225585938,-0.408081054688,0.894470214844,0.884145617485,-0.327314198017,0.169927790761,50.657812356881,-18.75372212109,9.736145232587
2023-12-10 23:59:09.595,95324364834,0.185424804688,0.007690429688,-0.440307617188,0.87841796875,0.960058629513,-0.324662208557,0.187644287944,55.007307556197,-18.60177431772,10.75122574892
2023-12-10 23:59:09.617,95364798594,0.1943359375,0.002868652344,-0.473510742188,0.859008789062,1.041943430901,-0.337528318167,0.201634138823,59.698961081984,-19.338948097103,11.552785160287
2023-12-10 23:59:09.662,95402757290,0.202331542969,0.002197265625,-0.50830078125,0.837036132812,1.130447030067,-0.343180567026,0.224208310246,64.769843785963,-19.662798101504,12.846189908882
2023-12-10 23:59:09.679,95443170754,0.210144042969,0.004211425781,-0.5341796875,0.818786621094,1.199795126915,-0.346520245075,0.248583629727,68.743197052591,-19.854147558649,14.242792839421
2023-12-10 23:59:09.731,95486218053,0.211364746094,0.001342773438,-0.558288574219,0.802185058594,1.260616183281,-0.344374507666,0.255798608065,72.227986887888,-19.731205861136,14.656180647426
2023-12-10 23:59:09.814,95527533059,0.208801269531,0.001525878906,-0.581481933594,0.786193847656,1.317786216736,-0.332642704248,0.262457251549,75.503588519476,-19.059023039253,15.037692816348
2023-12-10 23:59:09.832,95567915219,0.206848144531,-0.002807617188,-0.598083496094,0.774230957031,1.358858823776,-0.329589694738,0.259820431471,77.85687555649,-18.884098479515,14.886614154549
2023-12-10 23:59:09.877,95606679501,0.203002929688,-0.009216308594,-0.613159179688,0.763305664062,1.394953846931,-0.327005565166,0.250637739897,79.924968044711,-18.736038761329,14.360484682783
2023-12-10 23:59:09.893,95647082301,0.197204589844,-0.013732910156,-0.626220703125,0.754089355469,1.42496919632,-0.320055693388,0.240700960159,81.644720885261,-18.337840440265,13.791149141875
2023-12-10 23:59:09.950,95686066408,0.189331054688,-0.017761230469,-0.637512207031,0.746520996094,1.449228525162,-0.310279935598,0.227621778846,83.034678041737,-17.777730777378,13.041767253124
2023-12-10 23:59:09.966,95726478238,0.180480957031,-0.02294921875,-0.648376464844,0.739196777344,1.472125887871,-0.301110953093,0.211104854941,84.346600286945,-17.252386777366,12.095417222862
2023-12-10 23:59:10.016,95766947752,0.176330566406,-0.028015136719,-0.655212402344,0.733947753906,1.487776994705,-0.300027579069,0.200162425637,85.243342653265,-17.190314018189,11.468462206115
2023-12-10 23:59:10.092,95810450370,0.170227050781,-0.033264160156,-0.661987304688,0.729064941406,1.50214612484,-0.296582937241,0.186020329595,86.066633165251,-16.99295057948,10.658179789404
2023-12-10 23:59:10.109,95850878035,0.164733886719,-0.037475585938,-0.669799804688,0.723022460938,1.520158529282,-0.292570978403,0.17476375401,87.098667918651,-16.76308227051,10.013225516647
2023-12-10 23:59:10.159,95888623849,0.163391113281,-0.038879394531,-0.675903320312,0.717529296875,1.536423921585,-0.291128337383,0.173196181655,88.030606249764,-16.680425028722,9.923410236609
2023-12-10 23:59:10.176,95929051514,0.163391113281,-0.037414550781,-0.681335449219,0.712463378906,1.551843643188,-0.287759006023,0.177528500557,88.914091218905,-16.487376562021,10.171633825199
2023-12-10 23:59:10.235,95970522624,0.162963867188,-0.037536621094,-0.685546875,0.70849609375,1.563564658165,-0.286279141903,0.178418651223,89.585655908669,-16.402586593664,10.222635701505
2023-12-10 23:59:10.265,96010890594,0.1630859375,-0.036254882812,-0.690246582031,0.703918457031,1.577124595642,-0.283427476883,0.182343155146,90.362583096568,-16.239198223434,10.447493212945
2023-12-10 23:59:10.308,96048407293,0.162170410156,-0.034790039062,-0.69580078125,0.698791503906,1.592512488365,-0.278652608395,0.185215786099,91.244244405201,-15.965618411324,10.612082842695
2023-12-10 23:59:10.376,96093435144,0.161682128906,-0.034362792969,-0.701232910156,0.693481445312,1.607948660851,-0.275927782059,0.187226980925,92.128671940448,-15.80949736237,10.727315817956
2023-12-10 23:59:10.391,96133803114,0.161865234375,-0.03271484375,-0.709045410156,0.685485839844,1.630933880806,-0.27163335681,0.192913413048,93.445628035074,-15.563444920162,11.053124379102
2023-12-10 23:59:10.461,96173180056,0.159057617188,-0.035095214844,-0.716613769531,0.678161621094,1.65145945549,-0.269275337458,0.188217580318,94.621656836556,-15.428340363285,10.784072982412
2023-12-10 23:59:10.483,96213536416,0.15673828125,-0.040466308594,-0.7255859375,0.668762207031,1.676976442337,-0.271695196629,0.180915892124,96.083672488776,-15.566988080794,10.365717065559
2023-12-10 23:59:10.514,96254121875,0.151000976562,-0.045166015625,-0.735961914062,0.658386230469,1.704878211021,-0.268530488014,0.169652536511,97.682326075342,-15.385663633803,9.720374325794
2023-12-10 23:59:10.532,96294533705,0.144409179688,-0.051147460938,-0.745666503906,0.648376464844,1.730882167816,-0.266691058874,0.155120611191,99.172243050321,-15.280272107363,8.887756336722
2023-12-10 23:59:10.584,96334429639,0.13818359375,-0.058654785156,-0.756652832031,0.63623046875,1.762004613876,-0.267784804106,0.1399050951,100.955427857693,-15.342939092997,8.015971481629
2023-12-10 23:59:10.658,96376266546,0.132751464844,-0.064025878906,-0.772094726562,0.618103027344,1.808875203133,-0.26610571146,0.13080856204,103.640914805369,-15.246734170991,7.494778529086
2023-12-10 23:59:10.684,96416678376,0.124328613281,-0.072387695312,-0.788208007812,0.598327636719,1.858177542686,-0.266018033028,0.113602183759,106.465730781925,-15.241710566856,6.508925672873
2023-12-10 23:59:10.728,96454189709,0.116638183594,-0.081848144531,-0.801818847656,0.580261230469,1.90162730217,-0.269880205393,0.095662370324,108.955218621178,-15.462996743133,5.48105007779
2023-12-10 23:59:10.745,96494601539,0.111022949219,-0.089477539062,-0.814208984375,0.562744140625,1.943508028984,-0.274080485106,0.08328743279,111.354807510576,-15.703655043444,4.772018385335
2023-12-10 23:59:10.798,96536279936,0.103271484375,-0.100952148438,-0.825927734375,0.544921875,1.984120607376,-0.283073484898,0.06311994046,113.681736847584,-16.218915976694,3.616506191459
2023-12-10 23:59:10.815,96576660439,0.098083496094,-0.110412597656,-0.837890625,0.525329589844,2.028859853745,-0.292220890522,0.050523277372,116.24510684309,-16.743023712465,2.894770560591
2023-12-10 23:59:10.872,96617210583,0.096252441406,-0.119750976562,-0.84619140625,0.510192871094,2.062975645065,-0.305614352226,0.04269465059,118.199797700521,-17.510412541189,2.446223286617
2023-12-10 23:59:10.943,96658431987,0.093933105469,-0.130798339844,-0.853942871094,0.494750976562,2.096606731415,-0.321864247322,0.032685950398,120.126717008786,-18.44146294771,1.872767007205
2023-12-10 23:59:10.959,96698822802,0.093627929688,-0.138427734375,-0.861022949219,0.480285644531,2.128976345062,-0.334519356489,0.029924960807,121.981359255255,-19.166547292262,1.714573956334
2023-12-10 23:59:11.017,96736797483,0.093811035156,-0.145812988281,-0.865173339844,0.470458984375,2.150111436844,-0.347528934479,0.026728602126,123.192310813963,-19.911941204311,1.531436094118
2023-12-10 23:59:11.035,96777219633,0.096313476562,-0.151916503906,-0.869079589844,0.460632324219,2.172045230865,-0.360546112061,0.029343791306,124.44902464011,-20.65777054092,1.681275396748
2023-12-10 23:59:11.081,96814660734,0.099182128906,-0.15576171875,-0.871826171875,0.453552246094,2.188446044922,-0.369943588972,0.033950157464,125.388722066121,-21.196206306023,1.945200736466
2023-12-10 23:59:11.108,96855082884,0.104553222656,-0.159729003906,-0.871765136719,0.451110839844,2.194435834885,-0.382049024105,0.041159249842,125.731911751157,-21.889796648312,2.358251303881
2023-12-10 23:59:11.156,96900576991,0.112426757812,-0.163452148438,-0.869018554688,0.453125,2.190501928329,-0.396261930466,0.051267333329,125.506515508547,-22.704136197391,2.937401826626
2023-12-10 23:59:11.225,96941653833,0.122192382812,-0.165344238281,-0.865417480469,0.456787109375,2.183849811554,-0.409134507179,0.065926402807,125.125377292482,-23.441680514536,3.777304639334
2023-12-10 23:59:11.245,96982087593,0.139221191406,-0.159973144531,-0.859924316406,0.464172363281,2.172626495361,-0.416295200586,0.099585898221,124.482328642503,-23.851958025148,5.705851667056
2023-12-10 23:59:11.297,97021061733,0.152221679688,-0.163696289062,-0.849060058594,0.478637695312,2.139981269836,-0.43751963973,0.112611539662,122.611894998674,-25.068028810639,6.452165947096
2023-12-10 23:59:11.314,97061495493,0.162170410156,-0.167175292969,-0.838745117188,0.492126464844,2.108155727386,-0.455656141043,0.119999207556,120.788425735577,-26.107173790965,6.875448137887
2023-12-10 23:59:11.371,97099523168,0.169677734375,-0.170776367188,-0.825134277344,0.510986328125,2.061191558838,-0.472633719444,0.118753455579,118.097577089402,-27.079917379727,6.804071807287
2023-12-10 23:59:11.389,97139956928,0.174560546875,-0.173828125,-0.809753417969,0.532409667969,2.005665540695,-0.486337602139,0.110636390746,114.916170596659,-27.86509202105,6.338998250285
2023-12-10 23:59:11.436,97183499271,0.178161621094,-0.176147460938,-0.792053222656,0.556579589844,1.941382527351,-0.497646212578,0.098197333515,111.233025237675,-28.513027671379,5.62629276983
2023-12-10 23:59:11.513,97224713667,0.178527832031,-0.181274414062,-0.770690917969,0.584106445312,1.863341450691,-0.509764373302,0.072714678943,106.761600916391,-29.207347136362,4.166244212092
2023-12-10 23:59:11.530,97265152587,0.1708984375,-0.188293457031,-0.748046875,0.612915039062,1.776114821434,-0.513463556767,0.028549622744,101.763883198801,-29.419294736497,1.63577288994
2023-12-10 23:59:11.584,97298942772,0.166137695312,-0.1953125,-0.722961425781,0.641418457031,1.686846256256,-0.518449902534,-0.011895539239,96.649171170918,-29.704991304195,-0.68156419343
2023-12-10 23:59:11.600,97339381692,0.162353515625,-0.195251464844,-0.697448730469,0.670043945312,1.600156068802,-0.512002289295,-0.04037547484,91.682189304593,-29.335570277651,-2.313344304192
2023-12-10 23:59:11.651,97380130663,0.1552734375,-0.196960449219,-0.669494628906,0.699157714844,1.50764131546,-0.501622974873,-0.077064946294,86.381484395421,-28.740879366996,-4.415496171039
2023-12-10 23:59:11.670,97420569583,0.154541015625,-0.195739746094,-0.6396484375,0.72705078125,1.417981743813,-0.495109021664,-0.098946072161,81.24436934706,-28.367657340179,-5.669192334234
2023-12-10 23:59:11.720,97466217859,0.152648925781,-0.191955566406,-0.608581542969,0.754577636719,1.328343868256,-0.48251914978,-0.117554605007,76.108497393129,-27.64631081665,-6.735382729238
2023-12-10 23:59:11.792,97507408868,0.146484375,-0.194458007812,-0.57666015625,0.77978515625,1.237106323242,-0.469819158316,-0.15122911334,70.880971130724,-26.918654905876,-8.664789933909
2023-12-10 23:59:11.809,97547840048,0.1435546875,-0.190551757812,-0.544128417969,0.804321289062,1.150617837906,-0.453703612089,-0.168014377356,65.925545944475,-25.995302122549,-9.626514719993
2023-12-10 23:59:11.863,97586433202,0.138549804688,-0.190002441406,-0.510192871094,0.827209472656,1.062409877777,-0.436858654022,-0.192079782486,60.871602109637,-25.030157119239,-11.005360866236
2023-12-10 23:59:11.884,97626833040,0.138366699219,-0.176696777344,-0.479125976562,0.848510742188,0.989046633244,-0.416028916836,-0.183903455734,56.668197826479,-23.83670109009,-10.536891851444
2023-12-10 23:59:11.939,97667267558,0.134094238281,-0.167419433594,-0.44873046875,0.867492675781,0.917691767216,-0.392937749624,-0.185220137239,52.579865155363,-22.513674664838,-10.6123321446
2023-12-10 23:59:11.956,97707698738,0.134155273438,-0.151550292969,-0.422668457031,0.883361816406,0.860946953297,-0.373768538237,-0.166557312012,49.328626808545,-21.415359755732,-9.543031025315
2023-12-10 23:59:12.005,97745001931,0.128601074219,-0.122741699219,-0.401306152344,0.8984375,0.818882882595,-0.335873574018,-0.124602638185,46.918533088204,-19.244138241234,-7.139205284198
2023-12-10 23:59:12.022,97785413761,0.118835449219,-0.101623535156,-0.379821777344,0.911682128906,0.774429142475,-0.298281461,-0.09957909584,44.37152139576,-17.090268822321,-5.705461919387
2023-12-10 23:59:12.077,97829224529,0.108337402344,-0.072448730469,-0.363098144531,0.922546386719,0.742564558983,-0.255267828703,-0.056873161346,42.545815245711,-14.625769230146,-3.258592112676
2023-12-10 23:59:12.159,97870086913,0.098266601562,-0.044799804688,-0.345825195312,0.932006835938,0.708819925785,-0.215827792883,-0.015911158174,40.61239018226,-12.366021633815,-0.911642210551
2023-12-10 23:59:12.178,97910467416,0.090393066406,-0.018310546875,-0.327087402344,0.9404296875,0.671680569649,-0.183014899492,0.025115381926,38.484461821816,-10.485981328918,1.439005385236
2023-12-10 23:59:12.219,97938432934,0.084716796875,-0.002258300781,-0.304992675781,0.948547363281,0.626080513,-0.162811651826,0.048045452684,35.871771030313,-9.328420505178,2.752801663598
2023-12-10 23:59:12.236,97978769611,0.08740234375,0.012756347656,-0.2841796875,0.954650878906,0.58464038372,-0.160313054919,0.075063839555,33.497426520088,-9.185261447722,4.300841200536
2023-12-10 23:59:12.289,98031335534,0.090026855469,0.023803710938,-0.265380859375,0.959594726562,0.547230541706,-0.160837039351,0.094830937684,31.354000460416,-9.215283544218,5.433412496537
2023-12-10 23:59:12.312,98071703504,0.097229003906,0.034118652344,-0.247802734375,0.963256835938,0.513492584229,-0.171239256859,0.115867488086,29.42095788756,-9.811286704967,6.638718050123
2023-12-10 23:59:12.361,98111103616,0.104736328125,0.044128417969,-0.230895996094,0.96630859375,0.481622755527,-0.183057755232,0.136342838407,27.594951209187,-10.488436781924,7.81186920753
2023-12-10 23:59:12.433,98154066454,0.111999511719,0.055419921875,-0.217041015625,0.968078613281,0.456619799137,-0.194006606936,0.15957659483,26.162387332668,-11.115759775112,9.143065392803
2023-12-10 23:59:12.450,98194479182,0.119506835938,0.070983886719,-0.209533691406,0.967834472656,0.446059018373,-0.202969387174,0.192601069808,25.557299166549,-11.629289255407,11.035228429703
2023-12-10 23:59:12.503,98232937525,0.130554199219,0.08251953125,-0.203002929688,0.966857910156,0.438299655914,-0.22073957324,0.219623982906,25.112720445926,-12.647445918187,12.583527300387
2023-12-10 23:59:12.520,98273350253,0.142150878906,0.087951660156,-0.194213867188,0.966552734375,0.425272285938,-0.243014648557,0.234190016985,24.366307128143,-13.923713722154,13.418099577334
2023-12-10 23:59:12.574,98313751118,0.149963378906,0.086669921875,-0.190734863281,0.966186523438,0.420539826155,-0.259630292654,0.234624817967,24.09515715583,-14.875720002823,13.443011838558
2023-12-10 23:59:12.592,98354195198,0.151733398438,0.082946777344,-0.199768066406,0.964416503906,0.439028471708,-0.262533575296,0.230477258563,25.154478514964,-15.042065844964,13.205374189408
2023-12-10 23:59:12.651,98395515705,0.151733398438,0.08740234375,-0.2177734375,0.960144042969,0.477664530277,-0.256094127893,0.244232311845,27.368161607985,-14.673112686378,13.993480689432
2023-12-10 23:59:12.715,98433432508,0.149658203125,0.099182128906,-0.239501953125,0.9541015625,0.52489387989,-0.24037784338,0.272015184164,30.074204009969,-13.772635914129,15.585322016074
2023-12-10 23:59:12.741,98473854658,0.150268554688,0.107360839844,-0.263610839844,0.946716308594,0.57731205225,-0.229941338301,0.294377982616,33.077544055956,-13.17466822022,16.866615985497
2023-12-10 23:59:12.787,98517061294,0.151306152344,0.106262207031,-0.293395996094,0.937927246094,0.640208542347,-0.223326265812,0.299932271242,36.681247484703,-12.79565248544,17.184853281948
2023-12-10 23:59:12.804,98557483444,0.148864746094,0.106750488281,-0.331481933594,0.925476074219,0.719915390015,-0.206228509545,0.307521432638,41.248113454354,-11.816023212221,17.619680199984
2023-12-10 23:59:12.859,98596391471,0.1494140625,0.108154296875,-0.372924804688,0.909301757812,0.809401750565,-0.19223998487,0.319313198328,46.375304237851,-11.014539786707,18.295298607019
2023-12-10 23:59:12.874,98636787821,0.151672363281,0.104736328125,-0.410034179688,0.893188476562,0.891019463539,-0.186125844717,0.322519391775,51.051654724803,-10.664225360593,18.478999959841
2023-12-10 23:59:12.927,98678730699,0.15478515625,0.104919433594,-0.4423828125,0.877075195312,0.96445196867,-0.179652154446,0.332328826189,55.259027347868,-10.293310230168,19.041039151169
2023-12-10 23:59:13.002,98719982984,0.160461425781,0.101135253906,-0.472106933594,0.86083984375,1.034239172935,-0.181769147515,0.337457686663,59.257539616304,-10.414604998317,19.334901210019
2023-12-10 23:59:13.038,98760376754,0.16357421875,0.100280761719,-0.500793457031,0.843994140625,1.10185277462,-0.176587790251,0.345184475183,63.131513630509,-10.117735094911,19.777613581452
2023-12-10 23:59:13.072,98799418965,0.1669921875,0.100708007812,-0.524963378906,0.828430175781,1.160426735878,-0.17179043591,0.354693770409,66.487554399951,-9.842866938369,20.322456063997
2023-12-10 23:59:13.088,98839824345,0.17138671875,0.097290039062,-0.544860839844,0.815002441406,1.210168242455,-0.174222156405,0.358272582293,69.337532793409,-9.9821942597,20.527506880617
2023-12-10 23:59:13.140,98878769877,0.174011230469,0.091979980469,-0.563720703125,0.802124023438,1.256988048553,-0.176368042827,0.356679558754,72.020110080499,-10.10514449495,20.436233355191
2023-12-10 23:59:13.156,98919163647,0.173828125,0.082763671875,-0.5810546875,0.790710449219,1.298793673515,-0.179680258036,0.345153033733,74.41539595072,-10.294920447265,19.775812119059
2023-12-10 23:59:13.222,98961700703,0.174377441406,0.069213867188,-0.598693847656,0.778625488281,1.342413783073,-0.189811319113,0.328235447407,76.914644130298,-10.875387488973,18.806505822996
2023-12-10 23:59:13.288,99001101876,0.176696777344,0.048828125,-0.615478515625,0.766479492188,1.385662913322,-0.21235601604,0.303725928068,79.392636761178,-12.167103473296,17.402213807
2023-12-10 23:59:13.305,99041495646,0.183776855469,0.022888183594,-0.629211425781,0.754760742188,1.425066709518,-0.25124707818,0.278005480766,81.650307980002,-14.395397194725,15.928540729414
2023-12-10 23:59:13.359,99082612952,0.196411132812,-0.016845703125,-0.640319824219,0.742309570312,1.462299346924,-0.318528056145,0.240844488144,83.783580963472,-18.250313273598,13.799372689635
2023-12-10 23:59:13.376,99123010592,0.214111328125,-0.060546875,-0.652954101562,0.723937988281,1.510384321213,-0.39962759614,0.209902450442,86.538647048223,-22.896974635775,12.026524519799
2023-12-10 23:59:13.427,99162642229,0.232788085938,-0.1044921875,-0.661010742188,0.70556640625,1.550723671913,-0.485483258963,0.182252213359,88.849921591653,-27.816141762816,10.442282632382
2023-12-10 23:59:13.443,99203035999,0.255004882812,-0.167541503906,-0.665161132812,0.681457519531,1.588981389999,-0.6070343256,0.13543176651,91.041927371796,-34.780504876431,7.759668633025
2023-12-10 23:59:13.494,99244434059,0.277587890625,-0.2197265625,-0.662109375,0.660461425781,1.611814141273,-0.717679321766,0.102854907513,92.350147654474,-41.119996180997,5.893152102684
2023-12-10 23:59:13.582,99285640007,0.290344238281,-0.247375488281,-0.658142089844,0.648986816406,1.619872331619,-0.778869986534,0.085948124528,92.8118479518,-44.625963017816,4.924464792515
2023-12-10 23:59:13.602,99326050547,0.298156738281,-0.286682128906,-0.655395507812,0.6318359375,1.626852035522,-0.851929783821,0.043371435255,93.211755527704,-48.811981054442,2.485000191526
2023-12-10 23:59:13.642,99357263871,0.304016113281,-0.329223632812,-0.655395507812,0.60791015625,1.644303202629,-0.929251730442,-0.00296671642,94.211633750491,-53.242202259558,-0.169980329873
2023-12-10 23:59:13.661,99397674411,0.31005859375,-0.343383789062,-0.656860351562,0.595275878906,1.667497515678,-0.961850106716,-0.002597928047,95.540569996922,-55.109951639044,-0.148850312582
2023-12-10 23:59:13.721,99444966671,0.302978515625,-0.370849609375,-0.659484863281,0.579345703125,1.669529676437,-0.99764829874,-0.055509205908,95.657004231704,-57.161036956231,-3.180443222627
2023-12-10 23:59:13.738,99485377211,0.298583984375,-0.402587890625,-0.660339355469,0.559143066406,1.671652317047,-1.046330690384,-0.111833579838,95.778622580065,-59.950332534008,-6.407592132573
2023-12-10 23:59:13.779,99526859461,0.296203613281,-0.413879394531,-0.665100097656,0.546325683594,1.695145726204,-1.063764691353,-0.120213612914,97.124695771124,-60.949227209555,-6.887732659996
2023-12-10 23:59:13.852,99568543231,0.277404785156,-0.438659667969,-0.673645019531,0.526062011719,1.702187895775,-1.081930398941,-0.188059985638,97.528182366153,-61.990045586227,-10.775043472329
2023-12-10 23:59:13.874,99608955061,0.268615722656,-0.460388183594,-0.678771972656,0.505004882812,1.719768643379,-1.111357927322,-0.228333517909,98.535485004568,-63.67611876398,-13.082546897563
2023-12-10 23:59:13.922,99648313281,0.256042480469,-0.475646972656,-0.6865234375,0.486633300781,1.742761015892,-1.125036120415,-0.261346161366,99.852850910545,-64.459821499536,-14.974032038189
2023-12-10 23:59:13.938,99688725111,0.238403320312,-0.50146484375,-0.693969726562,0.458251953125,1.762068629265,-1.154271364212,-0.323878645897,100.959095669277,-66.134877582158,-18.556879484305
2023-12-10 23:59:13.992,99728643741,0.229553222656,-0.523376464844,-0.6962890625,0.43408203125,1.773953080177,-1.18936419487,-0.370522648096,101.640024548392,-68.145548670026,-21.229383949917
2023-12-10 23:59:14.009,99769060731,0.211669921875,-0.547912597656,-0.699462890625,0.406982421875,1.769981026649,-1.219074487686,-0.450355559587,101.412442645247,-69.84782305649,-25.803472844615
2023-12-10 23:59:14.063,99810319279,0.194274902344,-0.556884765625,-0.708557128906,0.387268066406,1.80579996109,-1.221583247185,-0.473799467087,103.46471641535,-69.991564387573,-27.146709799621
2023-12-10 23:59:14.134,99851499094,0.176696777344,-0.56494140625,-0.717163085938,0.36767578125,1.841901302338,-1.223347663879,-0.496169507504,105.533170903597,-70.092658017478,-28.428418703036
2023-12-10 23:59:14.150,99891916084,0.161437988281,-0.583251953125,-0.717895507812,0.343933105469,1.835691094398,-1.248389840126,-0.564529836178,105.177352198785,-71.527469026234,-32.345177022201
2023-12-10 23:59:14.213,99931365871,0.1494140625,-0.596862792969,-0.717224121094,0.326965332031,1.818383574486,-1.265890598297,-0.627055227757,104.185704353948,-72.530188607716,-35.927618072062
2023-12-10 23:59:14.229,99971782861,0.134704589844,-0.608276367188,-0.718872070312,0.308227539062,1.815860748291,-1.27850151062,-0.6810785532,104.041157060543,-73.252740659633,-39.022926615223
2023-12-10 23:59:14.277,100004280864,0.125732421875,-0.623107910156,-0.714660644531,0.291687011719,1.772076249123,-1.301545381546,-0.763937711716,101.5324900501,-74.573057207331,-43.770406692191
2023-12-10 23:59:14.293,100044729185,0.116027832031,-0.635437011719,-0.709777832031,0.280822753906,1.707267284393,-1.313984751701,-0.859814286232,97.819209896498,-75.285780617033,-49.263729766147
2023-12-10 23:59:14.348,100092981056,0.106506347656,-0.641052246094,-0.7099609375,0.271240234375,1.693974018097,-1.317221283913,-0.901681602001,97.057561841771,-75.471220252999,-51.662550259263
2023-12-10 23:59:14.419,100133992384,0.100952148438,-0.637817382812,-0.715881347656,0.265380859375,1.749435544014,-1.312335968018,-0.863006830215,100.235273202174,-75.191312270623,-49.446649062309
2023-12-10 23:59:14.438,100174443287,0.095520019531,-0.635375976562,-0.722290039062,0.255798339844,1.814329981804,-1.312079906464,-0.82058763504,103.953450601411,-75.176641024285,-47.01620820843
2023-12-10 23:59:14.491,100213432134,0.085632324219,-0.625,-0.732971191406,0.254333496094,1.894441962242,-1.286190271378,-0.755897700787,108.543528968956,-73.69327420072,-43.309747998714
2023-12-10 23:59:14.508,100253875291,0.087219238281,-0.612915039062,-0.7431640625,0.253540039062,1.988501310349,-1.270402312279,-0.659931242466,113.932732639204,-72.788690777233,-37.811274962125
2023-12-10 23:59:14.561,100293641387,0.090881347656,-0.617431640625,-0.741333007812,0.246704101562,1.998783826828,-1.28802716732,-0.655326902866,114.521877436252,-73.798520585641,-37.547465735622
2023-12-10 23:59:14.578,100334053217,0.096740722656,-0.611328125,-0.744201660156,0.250854492188,2.030811071396,-1.281477808952,-0.60794454813,116.356903379424,-73.423269992641,-34.832656785839
2023-12-10 23:59:14.635,100375323685,0.10498046875,-0.611389160156,-0.742919921875,0.251403808594,2.045195102692,-1.29136121273,-0.581514716148,117.181047665057,-73.989547316348,-33.31833896005
2023-12-10 23:59:14.651,100415735515,0.116271972656,-0.612609863281,-0.739624023438,0.253051757812,2.052196264267,-1.305624961853,-0.555558502674,117.582184675011,-74.806799941108,-31.831157475834
2023-12-10 23:59:14.703,100456226653,0.127319335938,-0.612182617188,-0.736999511719,0.256530761719,2.061554193497,-1.315859436989,-0.525422275066,118.118354524857,-75.393192171921,-30.104478823465
2023-12-10 23:59:14.776,100496272793,0.141479492188,-0.610168457031,-0.734313964844,0.261352539062,2.082033157349,-1.325487971306,-0.476489037275,119.291712722374,-75.944866551183,-27.300810820127
2023-12-10 23:59:14.790,100536660113,0.156433105469,-0.608276367188,-0.730224609375,0.268737792969,2.089470863342,-1.335458874702,-0.436540573835,119.717861885069,-76.516157233741,-25.011932466986
2023-12-10 23:59:14.845,100575323845,0.1728515625,-0.60595703125,-0.725158691406,0.277404785156,2.094889640808,-1.345507860184,-0.39362809062,120.028334963981,-77.091921690205,-22.553228290321
2023-12-10 23:59:14.860,100615711165,0.191223144531,-0.605712890625,-0.716613769531,0.287841796875,2.07666349411,-1.361649513245,-0.368827849627,118.9840536814,-78.01677028496,-21.132279150487
2023-12-10 23:59:14.918,100658912786,0.211791992188,-0.605102539062,-0.706359863281,0.299926757812,2.052906751633,-1.380163311958,-0.344031184912,117.622892602465,-79.077532814009,-19.711534916327
2023-12-10 23:59:14.935,100699300106,0.230407714844,-0.604248046875,-0.695434570312,0.313171386719,2.007971286774,-1.395897746086,-0.340708613396,115.048280115585,-79.979049482559,-19.521165591328
2023-12-10 23:59:14.989,100739421085,0.249206542969,-0.601501464844,-0.685485839844,0.325622558594,1.98230111599,-1.408978104591,-0.317852497101,113.577487670282,-80.728498819428,-18.211606591572
2023-12-10 23:59:15.058,100780447166,0.268310546875,-0.596435546875,-0.675659179688,0.339965820312,1.959164977074,-1.418380260468,-0.288903266191,112.251884556166,-81.267202669456,-16.552937840317
2023-12-10 23:59:15.083,100820807396,0.287719726562,-0.591491699219,-0.664794921875,0.35400390625,1.933615684509,-1.430317997932,-0.262741863728,110.788017922681,-81.95118464313,-15.053999892991
2023-12-10 23:59:15.131,100860618319,0.305541992188,-0.584228515625,-0.655212402344,0.36865234375,1.915861129761,-1.435527443886,-0.228371039033,109.770756868456,-82.24966390986,-13.084696699605
2023-12-10 23:59:15.151,100900978549,0.32373046875,-0.579284667969,-0.641540527344,0.384582519531,1.840693831444,-1.446388840675,-0.247968778014,105.463987917494,-82.871976105518,-14.207564431229
2023-12-10 23:59:15.202,100941343681,0.34130859375,-0.572387695312,-0.627685546875,0.402221679688,1.752301096916,-1.453446388245,-0.278735220432,100.399457289443,-83.27634379495,-15.970351732418
2023-12-10 23:59:15.218,100981703911,0.356201171875,-0.5673828125,-0.612121582031,0.419982910156,1.599383592606,-1.459485769272,-0.376689642668,91.637929678771,-83.622374838681,-21.582726711154
2023-12-10 23:59:15.269,101022576196,0.368835449219,-0.56103515625,-0.597351074219,0.4384765625,1.44182908535,-1.458677887917,-0.480998635292,82.610721369765,-83.576086646676,-27.559191753787
2023-12-10 23:59:15.342,101063949386,0.3818359375,-0.548889160156,-0.587280273438,0.455993652344,1.412316322327,-1.451840519905,-0.457343280315,80.919764606756,-83.184334316641,-26.203839750741
2023-12-10 23:59:15.359,101104309616,0.394775390625,-0.537536621094,-0.576171875,0.472351074219,1.370378732681,-1.447203755379,-0.446758329868,78.516917717123,-82.918667278684,-25.597366763768
2023-12-10 23:59:15.412,101143318915,0.409423828125,-0.527099609375,-0.5634765625,0.486694335938,1.321668624878,-1.448614358902,-0.442401349545,75.726034120365,-82.999488907133,-25.347730179793
2023-12-10 23:59:15.430,101183710105,0.4189453125,-0.514953613281,-0.553588867188,0.502685546875,1.290213227272,-1.439100980759,-0.4263240695,73.923772594641,-82.454412490609,-24.42656988719
2023-12-10 23:59:15.489,101224552299,0.427185058594,-0.500305175781,-0.545776367188,0.518920898438,1.295342206955,-1.425478935242,-0.375213772058,74.217641483681,-81.673926774152,-21.498165554135
2023-12-10 23:59:15.516,101264912178,0.432495117188,-0.484069824219,-0.538391113281,0.537292480469,1.289607405663,-1.403211712837,-0.333464622498,73.889061573279,-80.398108908896,-19.106115486033
2023-12-10 23:59:15.565,101300221388,0.436767578125,-0.473937988281,-0.523986816406,0.556701660156,1.182270884514,-1.385996103287,-0.392014652491,67.739131923843,-79.411727139908,-22.460785095
2023-12-10 23:59:15.627,101341729031,0.440551757812,-0.461181640625,-0.510070800781,0.577026367188,1.105684280396,-1.364960670471,-0.417935520411,63.351042740622,-78.206485619346,-23.945941428127
2023-12-10 23:59:15.646,101382120221,0.4423828125,-0.447631835938,-0.498901367188,0.595764160156,1.061527252197,-1.341206789017,-0.416531950235,60.821031389023,-76.845488464951,-23.86552278084
2023-12-10 23:59:15.697,101426257830,0.4423828125,-0.430786132812,-0.487854003906,0.616882324219,1.029909014702,-1.309739470482,-0.398081958294,59.009439824893,-75.042543920311,-22.808416110544
2023-12-10 23:59:15.714,101466691590,0.443054199219,-0.418273925781,-0.476135253906,0.633972167969,0.986928462982,-1.287280917168,-0.398587197065,56.546835610212,-73.755763601437,-22.837364159794
2023-12-10 23:59:15.768,101507085629,0.440490722656,-0.405334472656,-0.463684082031,0.653076171875,0.938937485218,-1.257238864899,-0.403395473957,53.797155129621,-72.034480798513,-23.112858132419
2023-12-10 23:59:15.783,101547503909,0.440368652344,-0.393920898438,-0.450866699219,0.6689453125,0.894691765308,-1.235694169998,-0.406524240971,51.262062117279,-70.800060709816,-23.292123277375
2023-12-10 23:59:15.840,101588334995,0.442749023438,-0.385620117188,-0.435241699219,0.682434082031,0.834161162376,-1.222542285919,-0.425986886024,47.793914037895,-70.046513259446,-24.407250697123
2023-12-10 23:59:15.912,101629222078,0.447998046875,-0.376892089844,-0.420349121094,0.693115234375,0.784986376762,-1.216471791267,-0.434173464775,44.976406363751,-69.698699536341,-24.876307108184
2023-12-10 23:59:15.929,101669640358,0.455017089844,-0.373657226562,-0.404174804688,0.699890136719,0.716446042061,-1.219622612,-0.468553811312,41.049334458939,-69.879228266294,-26.846155862931
2023-12-10 23:59:15.982,101707708759,0.465209960938,-0.370056152344,-0.390808105469,0.702758789062,0.66445684433,-1.231841564178,-0.490198284388,38.070572848681,-70.57932265622,-28.086292819962
2023-12-10 23:59:16.002,101748127039,0.47265625,-0.369323730469,-0.380981445312,0.703491210938,0.618037879467,-1.241994857788,-0.517158091068,35.410962072675,-71.161063528208,-29.630975959254
2023-12-10 23:59:16.054,101788613786,0.476867675781,-0.3701171875,-0.378540039062,0.701538085938,0.603160619736,-1.250970005989,-0.528248727322,34.558557879352,-71.675301640629,-30.266422608686
2023-12-10 23:59:16.070,101829032066,0.476379394531,-0.370666503906,-0.382507324219,0.699462890625,0.622520923615,-1.253186821938,-0.516495466232,35.667821581697,-71.802315838435,-29.593010352753
2023-12-10 23:59:16.122,101871070440,0.477661132812,-0.376342773438,-0.3876953125,0.692687988281,0.630948364735,-1.264818668365,-0.525478482246,36.150678389976,-72.468771546699,-30.107699257659
2023-12-10 23:59:16.194,101911153333,0.481872558594,-0.38671875,-0.394958496094,0.679809570312,0.633654892445,-1.289292931557,-0.550475120544,36.305751004892,-73.871043534248,-31.539901134151
2023-12-10 23:59:16.214,101951571613,0.480224609375,-0.393859863281,-0.409484863281,0.668151855469,0.693003594875,-1.302731275558,-0.527176499367,39.706181173751,-74.641003929195,-30.204988472196
2023-12-10 23:59:16.265,101992213821,0.473327636719,-0.405883789062,-0.427917480469,0.654235839844,0.757707893848,-1.312026023865,-0.515374004841,43.413464421261,-75.173553778781,-29.528755348136
2023-12-10 23:59:16.285,102032632101,0.465881347656,-0.413269042969,-0.448913574219,0.640747070312,0.862703740597,-1.317407131195,-0.460639148951,49.429283306344,-75.481868517915,-26.392679113366
2023-12-10 23:59:16.336,102073048840,0.452331542969,-0.423706054688,-0.471435546875,0.627258300781,0.958103835583,-1.313013672829,-0.425626307726,54.895306114187,-75.230141896054,-24.386591082431
2023-12-10 23:59:16.351,102113467120,0.440368652344,-0.435424804688,-0.491760253906,0.612060546875,1.039149165154,-1.314414262772,-0.40511110425,59.538861447839,-75.310389788613,-23.211156507407
2023-12-10 23:59:16.406,102154050191,0.424011230469,-0.441772460938,-0.517211914062,0.597839355469,1.16267645359,-1.301510453224,-0.344044923782,66.616453729968,-74.571055961905,-19.712322095629
2023-12-10 23:59:16.486,102194822501,0.408813476562,-0.451599121094,-0.538330078125,0.582275390625,1.248160481453,-1.295345902443,-0.321065485477,71.51432774227,-74.217853219545,-18.395697265177
2023-12-10 23:59:16.504,102235234331,0.398315429688,-0.459106445312,-0.556762695312,0.566101074219,1.338078856468,-1.294969081879,-0.284159034491,76.666271131319,-74.196262991578,-16.281113386823
2023-12-10 23:59:16.550,102275126724,0.383605957031,-0.465637207031,-0.575012207031,0.552551269531,1.412484288216,-1.284931182861,-0.263592839241,80.929388343296,-73.621133742707,-15.102757198381
2023-12-10 23:59:16.571,102315538554,0.371643066406,-0.472229003906,-0.589233398438,0.539978027344,1.468226313591,-1.279472231865,-0.253691196442,84.123171138816,-73.308358890044,-14.535434855731
2023-12-10 23:59:16.620,102354935470,0.359313964844,-0.477355957031,-0.602355957031,0.529174804688,1.516101717949,-1.270862936974,-0.247698828578,86.866229751006,-72.815082628186,-14.192097467854
2023-12-10 23:59:16.636,102395342140,0.344177246094,-0.482971191406,-0.614318847656,0.520324707031,1.543724060059,-1.258284926414,-0.26265206933,88.448873374157,-72.09441570848,-15.048855052999
2023-12-10 23:59:16.690,102436273678,0.332336425781,-0.48974609375,-0.624694824219,0.509216308594,1.575245261192,-1.25434589386,-0.272150546312,90.254905164303,-71.868725767735,-15.593077695876
2023-12-10 23:59:16.762,102478176938,0.319519042969,-0.494140625,-0.634887695312,0.500549316406,1.60314655304,-1.244755029678,-0.281660735607,91.853531430112,-71.319209728251,-16.13797140484
2023-12-10 23:59:16.779,102518581028,0.309692382812,-0.500732421875,-0.64013671875,0.493408203125,1.606137514114,-1.242782115936,-0.308197200298,92.024900876388,-71.206170097487,-17.658398834841
2023-12-10 23:59:16.833,102556476137,0.302917480469,-0.50634765625,-0.642517089844,0.48876953125,1.599340558052,-1.243104338646,-0.334967106581,91.635463980481,-71.224632098814,-19.192201482785
2023-12-10 23:59:16.850,102596848906,0.29541015625,-0.511474609375,-0.644348144531,0.485595703125,1.585947990417,-1.240774512291,-0.366581618786,90.868126378176,-71.091142881675,-21.003579603503
2023-12-10 23:59:16.904,102637803838,0.288391113281,-0.51416015625,-0.645629882812,0.485290527344,1.570840954781,-1.234009385109,-0.393639415503,90.002556995228,-70.703529646277,-22.553877158293
2023-12-10 23:59:16.920,102678207928,0.281494140625,-0.513732910156,-0.650024414062,0.484008789062,1.581211447716,-1.223713874817,-0.396546572447,90.596742471884,-70.113640358608,-22.720444981582
2023-12-10 23:59:16.977,102715873872,0.275146484375,-0.516662597656,-0.653076171875,0.480346679688,1.583702325821,-1.220209956169,-0.410505145788,90.739459274591,-69.912880608334,-23.520212322066
2023-12-10 23:59:16.993,102756262482,0.266906738281,-0.516479492188,-0.6591796875,0.476806640625,1.603412032127,-1.209477305412,-0.409516334534,91.868742261394,-69.29794501698,-23.463557610448
2023-12-10 23:59:17.046,102798989014,0.255249023438,-0.514770507812,-0.669616699219,0.470458984375,1.644389629364,-1.193234562874,-0.397220104933,94.21658563764,-68.367304421809,-22.759035550392
2023-12-10 23:59:17.119,102840625529,0.243896484375,-0.516723632812,-0.677673339844,0.462768554688,1.670300126076,-1.183874368668,-0.402354031801,95.701147744309,-67.831004798368,-23.053187892283
2023-12-10 23:59:17.136,102880982830,0.232421875,-0.519775390625,-0.686279296875,0.452453613281,1.701822519302,-1.177739143372,-0.406424790621,97.507247836347,-67.479482282545,-23.28642519206
2023-12-10 23:59:17.190,102921695436,0.218200683594,-0.526977539062,-0.694030761719,0.439270019531,1.723846435547,-1.1762611866,-0.429688155651,98.769125285507,-67.394801597215,-24.619317825568
2023-12-10 23:59:17.212,102962063049,0.200805664062,-0.532958984375,-0.704040527344,0.424072265625,1.756556153297,-1.170028328896,-0.44906681776,100.643254061677,-67.037685156461,-25.729633377045
2023-12-10 23:59:17.261,103001808919,0.179565429688,-0.537170410156,-0.716430664062,0.407165527344,1.799827098846,-1.157785177231,-0.465739041567,103.122496617176,-66.336204238133,-26.684881436248
2023-12-10 23:59:17.281,103042205269,0.1552734375,-0.541442871094,-0.729309082031,0.388244628906,1.845013737679,-1.144072294235,-0.487884700298,105.711500312637,-65.550513917528,-27.953734216098
2023-12-10 23:59:17.330,103081620463,0.13134765625,-0.547302246094,-0.740478515625,0.367126464844,1.887617230415,-1.136041998863,-0.51493370533,108.152500638973,-65.090411884468,-29.503528044436
2023-12-10 23:59:17.404,103124496127,0.111694335938,-0.559143066406,-0.744873046875,0.346374511719,1.902306199074,-1.144146800041,-0.563406646252,108.994116548502,-65.554782785759,-32.280822979841
2023-12-10 23:59:17.424,103164884737,0.0966796875,-0.572021484375,-0.746337890625,0.326049804688,1.910088896751,-1.160211086273,-0.610482275486,109.440032278655,-66.475198587743,-34.97805785289
2023-12-10 23:59:17.473,103202680763,0.082641601562,-0.582702636719,-0.748046875,0.306518554688,1.922181129456,-1.174352884293,-0.650002777576,110.132866177494,-67.285463928981,-37.242415826911
2023-12-10 23:59:17.491,103243038064,0.070434570312,-0.591186523438,-0.749633789062,0.288879394531,1.936162471771,-1.186442732811,-0.681207418442,110.933938084109,-67.978161224036,-39.030310049716
2023-12-10 23:59:17.543,103285178251,0.061828613281,-0.602294921875,-0.7470703125,0.274353027344,1.924545288086,-1.204999446869,-0.728553771973,110.268322489113,-69.041382621186,-41.74305628237
2023-12-10 23:59:17.559,103325577181,0.056030273438,-0.609008789062,-0.746276855469,0.262573242188,1.926217675209,-1.217977523804,-0.753148913383,110.364143212979,-69.784971655747,-43.152254081738
2023-12-10 23:59:17.613,103366178800,0.048583984375,-0.61181640625,-0.747924804688,0.252563476562,1.940873742104,-1.221829295158,-0.764139056206,111.203873990298,-70.00566189802,-43.781942881699
2023-12-10 23:59:17.685,103407166224,0.047790527344,-0.616760253906,-0.744506835938,0.250732421875,1.916259169579,-1.229524493217,-0.792752802372,109.793562870095,-70.446564269322,-45.421389773083
2023-12-10 23:59:17.706,103447545804,0.05029296875,-0.619018554688,-0.743530273438,0.247680664062,1.917955517769,-1.23891556263,-0.792512893677,109.890756461984,-70.984632911758,-45.407644017378
2023-12-10 23:59:17.755,103487241773,0.053100585938,-0.623779296875,-0.739624023438,0.246887207031,1.892766356468,-1.249871253967,-0.8152307868,108.447523829982,-71.612347787049,-46.709283412791
2023-12-10 23:59:17.770,103527621353,0.059875488281,-0.622863769531,-0.740051269531,0.246459960938,1.910393238068,-1.257802724838,-0.788818240166,109.457469751606,-72.066787593287,-45.195955964432
2023-12-10 23:59:17.831,103568280264,0.068115234375,-0.619262695312,-0.741638183594,0.248474121094,1.938057899475,-1.260972976685,-0.745832204819,111.042538091913,-72.248429644074,-42.73303756105
2023-12-10 23:59:17.849,103608637565,0.080871582031,-0.614501953125,-0.742858886719,0.252746582031,1.970851778984,-1.265828251839,-0.688067674637,112.921488981637,-72.52661641878,-39.423373776072
2023-12-10 23:59:17.899,103644503266,0.094909667969,-0.610534667969,-0.742126464844,0.259582519531,1.988363385201,-1.271220207214,-0.640079498291,113.924830110334,-72.835552705129,-36.673853804926
2023-12-10 23:59:17.969,103688426061,0.11083984375,-0.606628417969,-0.738891601562,0.271362304688,1.98283624649,-1.275173306465,-0.604622542858,113.608148389466,-73.062048608195,-34.642319904238
2023-12-10 23:59:17.988,103728814671,0.126525878906,-0.603271484375,-0.734191894531,0.284423828125,1.964567542076,-1.279276013374,-0.580200731754,112.561428729351,-73.29711639867,-33.243053199924
2023-12-10 23:59:18.039,103768993430,0.14453125,-0.598449707031,-0.728637695312,0.299865722656,1.9447722435,-1.28269803524,-0.549862444401,111.427241666724,-73.493183808985,-31.504797376912
2023-12-10 23:59:18.055,103809391070,0.162414550781,-0.594787597656,-0.720764160156,0.316650390625,1.906182050705,-1.287933707237,-0.536530613899,109.216186488986,-73.793165717332,-30.740939755989
2023-12-10 23:59:18.110,103851018329,0.182678222656,-0.5888671875,-0.712219238281,0.335388183594,1.870885014534,-1.291832685471,-0.512190401554,107.19381528707,-74.016560714515,-29.346348316161
2023-12-10 23:59:18.125,103891415969,0.201965332031,-0.582153320312,-0.703552246094,0.353881835938,1.836619853973,-1.294580459595,-0.488378942013,105.230566202609,-74.173996574884,-27.982052180397
2023-12-10 23:59:18.181,103932050359,0.219177246094,-0.576049804688,-0.693298339844,0.373291015625,1.784043550491,-1.295639276505,-0.483524084091,102.218165910688,-74.234662315092,-27.703889311354
2023-12-10 23:59:18.254,103973304049,0.238464355469,-0.568420410156,-0.681335449219,0.39453125,1.72770690918,-1.296932935715,-0.475367426872,98.990314131588,-74.308783527965,-27.236547277774
2023-12-10 23:59:18.268,104013731359,0.256469726562,-0.561584472656,-0.667419433594,0.416259765625,1.654503107071,-1.298444151878,-0.484751433134,94.796045226445,-74.395369836074,-27.774211231501
2023-12-10 23:59:18.329,104052008964,0.275695800781,-0.552490234375,-0.653381347656,0.437866210938,1.592585921288,-1.299444437027,-0.479745984077,91.24845180173,-74.452681953399,-27.487420125988
2023-12-10 23:59:18.354,104092404935,0.292419433594,-0.545532226562,-0.638366699219,0.457458496094,1.518175244331,-1.301802277565,-0.493604362011,86.985034061429,-74.587776264993,-28.281446692475
2023-12-10 23:59:18.408,104133294041,0.307678222656,-0.536437988281,-0.624206542969,0.477294921875,1.453187823296,-1.299419522285,-0.498403310776,83.26152911464,-74.451254443863,-28.556406202798
2023-12-10 23:59:18.426,104173752690,0.322082519531,-0.528015136719,-0.6083984375,0.497192382812,1.376096963882,-1.29703605175,-0.515602588654,78.844548231231,-74.314691641597,-29.541852235869
2023-12-10 23:59:18.467,104209117221,0.336120605469,-0.520690917969,-0.589965820312,0.517456054688,1.280161261559,-1.295096635818,-0.550461947918,73.347837383447,-74.20357129399,-31.539146398248
2023-12-10 23:59:18.484,104249517441,0.348937988281,-0.505615234375,-0.576232910156,0.538940429688,1.239088177681,-1.28281056881,-0.527544140816,70.994523025676,-73.499631507561,-30.226052775597
2023-12-10 23:59:18.536,104295274403,0.358093261719,-0.494445800781,-0.560180664062,0.559814453125,1.169313073158,-1.269287586212,-0.539410412312,66.996704021441,-72.724821678304,-30.905940050864
2023-12-10 23:59:18.608,104336396354,0.3681640625,-0.474243164062,-0.549499511719,0.580871582031,1.162761569023,-1.249747157097,-0.482915192842,66.621330485035,-71.605237560123,-27.669002412621
2023-12-10 23:59:18.625,104376796574,0.373107910156,-0.459777832031,-0.534851074219,0.602661132812,1.110703229904,-1.227174282074,-0.478716671467,63.638607365058,-70.311907089836,-27.4284448576
2023-12-10 23:59:18.679,104416453277,0.38037109375,-0.445129394531,-0.519287109375,0.622436523438,1.06293463707,-1.210560321808,-0.468492299318,60.901668602364,-69.359997285589,-26.842631485319
2023-12-10 23:59:18.696,104456876717,0.3876953125,-0.427551269531,-0.505676269531,0.641174316406,1.035479545593,-1.193232774734,-0.437628120184,59.328607734618,-68.367201968971,-25.074244282784
2023-12-10 23:59:18.748,104497444248,0.391723632812,-0.411254882812,-0.489868164062,0.661315917969,0.991305708885,-1.17071044445,-0.423962146044,56.797633326346,-67.076767498892,-24.291241641617
2023-12-10 23:59:18.822,104538623796,0.397705078125,-0.399963378906,-0.472534179688,0.677062988281,0.935737967491,-1.159330368042,-0.427572906017,53.613836267393,-66.424737150155,-24.498122948935
2023-12-10 23:59:18.850,104579061426,0.403747558594,-0.382629394531,-0.458190917969,0.693237304688,0.90916121006,-1.144299030304,-0.398585677147,52.091100233452,-65.563504937329,-22.837277074882
2023-12-10 23:59:18.901,104618475773,0.402770996094,-0.3671875,-0.4453125,0.710266113281,0.879077017307,-1.117881774902,-0.381620198488,50.367402958656,-64.049907696498,-21.865226750321
2023-12-10 23:59:18.922,104658904373,0.407958984375,-0.351318359375,-0.429809570312,0.724792480469,0.846407830715,-1.104792952538,-0.3607878685,48.495596446803,-63.299973416198,-20.671622164557
2023-12-10 23:59:18.965,104693299565,0.412963867188,-0.341918945312,-0.412475585938,0.736450195312,0.795472085476,-1.098049998283,-0.366017013788,45.57719321824,-62.913630595985,-20.971230120047
2023-12-10 23:59:18.982,104733728165,0.417907714844,-0.334106445312,-0.397583007812,0.745361328125,0.752805948257,-1.094402909279,-0.369920909405,43.132603627496,-62.704667788518,-21.194906862534
2023-12-10 23:59:19.033,104780586237,0.426818847656,-0.328125,-0.384582519531,0.749755859375,0.717533111572,-1.102640986443,-0.371460795403,41.11161895398,-63.176674841301,-21.283135831137
2023-12-10 23:59:19.106,104821629537,0.435791015625,-0.328430175781,-0.374206542969,0.749694824219,0.679631352425,-1.117987990379,-0.390097767115,38.940008118699,-64.055993395048,-22.350955653146
2023-12-10 23:59:19.120,104862060717,0.442749023438,-0.326477050781,-0.370483398438,0.748352050781,0.672294139862,-1.130376935005,-0.386319696903,38.519616805474,-64.765827634731,-22.134488175328
2023-12-10 23:59:19.176,104901588504,0.448364257812,-0.326721191406,-0.370910644531,0.744689941406,0.677031874657,-1.143654227257,-0.381016641855,38.791069013658,-65.526560444109,-21.830645502553
2023-12-10 23:59:19.192,104942017104,0.454406738281,-0.327758789062,-0.373718261719,0.739135742188,0.691218316555,-1.159780502319,-0.371219426394,39.603892260741,-66.450527944461,-21.269306405615
2023-12-10 23:59:19.247,104982092819,0.462646484375,-0.33251953125,-0.377319335938,0.730041503906,0.70275169611,-1.184828162193,-0.370796024799,40.26470623275,-67.885653141918,-21.245047281231
2023-12-10 23:59:19.263,105022513679,0.46923828125,-0.342102050781,-0.385559082031,0.716979980469,0.723757624626,-1.212997555733,-0.376520723104,41.468257281493,-69.49964050317,-21.5730483331
2023-12-10 23:59:19.319,105062992600,0.465393066406,-0.344055175781,-0.4033203125,0.708679199219,0.805528879166,-1.214392542839,-0.327794224024,46.153405052095,-69.579567376838,-18.781225585331
2023-12-10 23:59:19.392,105102054805,0.463073730469,-0.351806640625,-0.418884277344,0.697326660156,0.865000724792,-1.224274992943,-0.307321190834,49.560890806366,-70.145790059032,-17.608207189725
2023-12-10 23:59:19.409,105142455025,0.4560546875,-0.357543945312,-0.436645507812,0.688049316406,0.935147881508,-1.222091794014,-0.278108596802,53.580026831001,-70.020701974572,-15.934448843046
2023-12-10 23:59:19.462,105180914321,0.444458007812,-0.364318847656,-0.459289550781,0.67724609375,1.020410060883,-1.212999105453,-0.245901092887,58.465189861259,-69.499729295629,-14.089094800075
2023-12-10 23:59:19.481,105221314541,0.437255859375,-0.376220703125,-0.478088378906,0.662292480469,1.085440635681,-1.219466686249,-0.235417932272,62.191167336527,-69.870294378859,-13.48845394088
2023-12-10 23:59:19.531,105263939912,0.424682617188,-0.384765625,-0.500183105469,0.649108886719,1.16409432888,-1.211763381958,-0.214235141873,66.697691999956,-69.428927554693,-12.27476945273
2023-12-10 23:59:19.547,105304340132,0.412170410156,-0.395080566406,-0.521362304688,0.634094238281,1.236334562302,-1.207329750061,-0.201937660575,70.836752486038,-69.174899159082,-11.570175675688
2023-12-10 23:59:19.601,105345337464,0.396362304688,-0.403259277344,-0.540832519531,0.622619628906,1.293252825737,-1.193753242493,-0.200890541077,74.097928758098,-68.397022574887,-11.510180147792
2023-12-10 23:59:19.617,105385740264,0.383850097656,-0.414855957031,-0.558166503906,0.607360839844,1.34597992897,-1.192752361298,-0.205924257636,77.118969239319,-68.339676306616,-11.798590861911
2023-12-10 23:59:19.673,105426799773,0.370178222656,-0.421752929688,-0.57568359375,0.594604492188,1.402897715569,-1.18317759037,-0.200781017542,80.380118190622,-67.79108234267,-11.503904911492
2023-12-10 23:59:19.744,105466976345,0.358093261719,-0.431884765625,-0.590209960938,0.580322265625,1.446759462357,-1.182153940201,-0.208959907293,82.893211163647,-67.732431508267,-11.972520775352
2023-12-10 23:59:19.761,105507375275,0.347595214844,-0.439331054688,-0.603698730469,0.567077636719,1.493300318718,-1.180178880692,-0.208006531,85.55980580808,-67.619268934098,-11.917896337465
2023-12-10 23:59:19.816,105548127897,0.335998535156,-0.447814941406,-0.614990234375,0.55517578125,1.524265885353,-1.178098917007,-0.221328064799,87.334002086504,-67.50009579346,-12.681164000798
2023-12-10 23:59:19.832,105588558144,0.325988769531,-0.4560546875,-0.623229980469,0.545227050781,1.542991876602,-1.178228378296,-0.240164369345,88.406922352275,-67.507513378898,-13.760404752873
2023-12-10 23:59:19.887,105628835021,0.316162109375,-0.463745117188,-0.630554199219,0.535949707031,1.558028697968,-1.177698373795,-0.259886533022,89.268468753802,-67.477146357848,-14.890401494444
2023-12-10 23:59:19.903,105669233951,0.307434082031,-0.472595214844,-0.635131835938,0.52783203125,1.559784173965,-1.180687427521,-0.289180010557,89.36905011952,-67.648406521097,-16.568794124475
2023-12-10 23:59:19.955,105709859514,0.301513671875,-0.480407714844,-0.638610839844,0.52001953125,1.564036607742,-1.18679523468,-0.310802280903,89.612696627593,-67.998358093412,-17.807658958773
2023-12-10 23:59:20.032,105748634081,0.295593261719,-0.48876953125,-0.640441894531,0.513244628906,1.557450413704,-1.193001508713,-0.340479165316,89.235335506139,-68.353951401981,-19.508019184723
2023-12-10 23:59:20.049,105789033011,0.293640136719,-0.488891601562,-0.644287109375,0.509460449219,1.578000068665,-1.192158937454,-0.330115616322,90.412744005833,-68.305675624928,-18.914231566586
2023-12-10 23:59:20.098,105825680762,0.288635253906,-0.494750976562,-0.642395019531,0.509033203125,1.548984408379,-1.19305741787,-0.368729323149,88.750269131663,-68.357154760702,-21.126633999138
2023-12-10 23:59:20.115,105866079692,0.284973144531,-0.4970703125,-0.64208984375,0.509216308594,1.535675525665,-1.190497040749,-0.387781649828,87.987726322155,-68.210455957709,-22.218251907762
2023-12-10 23:59:20.171,105911839908,0.2802734375,-0.498352050781,-0.643493652344,0.508850097656,1.531604409218,-1.185287117958,-0.400245934725,87.75446853181,-67.911949370222,-22.932402827
2023-12-10 23:59:20.187,105952238838,0.277404785156,-0.498413085938,-0.645202636719,0.508178710938,1.53515958786,-1.181291699409,-0.402270406485,87.958165263427,-67.68302875,-23.04839651458
2023-12-10 23:59:20.239,105992334375,0.274475097656,-0.496398925781,-0.648742675781,0.507202148438,1.551107645035,-1.174505472183,-0.392108529806,88.87192163097,-67.294206571119,-22.466163868971
2023-12-10 23:59:20.312,106034288244,0.268981933594,-0.497375488281,-0.652526855469,0.504272460938,1.561284303665,-1.169056534767,-0.395659863949,89.455001220035,-66.982005454347,-22.669640326988
2023-12-10 23:59:20.329,106074709454,0.263549804688,-0.49658203125,-0.656433105469,0.502868652344,1.572617888451,-1.160512447357,-0.395105183125,90.104367794996,-66.492465305964,-22.63785945678
2023-12-10 23:59:20.384,106114010713,0.2548828125,-0.494995117188,-0.663330078125,0.499877929688,1.594996094704,-1.146942853928,-0.391166687012,91.386544566369,-65.714984872742,-22.412200251886
2023-12-10 23:59:20.400,106154400613,0.244873046875,-0.494873046875,-0.671997070312,0.493347167969,1.625616669655,-1.13544356823,-0.387269616127,93.140974277335,-65.056124334835,-22.188914537729
2023-12-10 23:59:20.455,106193957745,0.229797363281,-0.496520996094,-0.682250976562,0.48486328125,1.654922485352,-1.120560526848,-0.396305948496,94.820073831945,-64.203388877337,-22.706658244742
2023-12-10 23:59:20.469,106234347645,0.213806152344,-0.504455566406,-0.689514160156,0.473571777344,1.667181253433,-1.115574717522,-0.429320782423,95.522449505054,-63.917723045491,-24.598268890093
2023-12-10 23:59:20.522,106275329452,0.196166992188,-0.508605957031,-0.70068359375,0.460205078125,1.702233433723,-1.104629635811,-0.444508761168,97.530791498416,-63.290616057035,-25.468475971488
2023-12-10 23:59:20.596,106316833970,0.1767578125,-0.512634277344,-0.712707519531,0.444885253906,1.742176294327,-1.092956662178,-0.460166871548,99.819348832666,-62.621803933507,-26.365619611422
2023-12-10 23:59:20.612,106357245800,0.16015625,-0.515625,-0.723815917969,0.429443359375,1.78459918499,-1.084331870079,-0.468500196934,102.250001422409,-62.127639747057,-26.843083985352
2023-12-10 23:59:20.669,106397004856,0.147583007812,-0.519775390625,-0.731506347656,0.415832519531,1.815831780434,-1.082594275475,-0.479497134686,104.039497324574,-62.028082909715,-27.473162106096
2023-12-10 23:59:20.689,106437420556,0.140258789062,-0.524719238281,-0.735656738281,0.404602050781,1.836044192314,-1.087621688843,-0.489152997732,105.197583219107,-62.316132477582,-28.026402306225
2023-12-10 23:59:20.739,106477784565,0.135314941406,-0.531616210938,-0.737182617188,0.394409179688,1.845837473869,-1.098520636559,-0.504506766796,105.758696919802,-62.940596182829,-28.906108473208
2023-12-10 23:59:20.756,106518196395,0.130187988281,-0.538208007812,-0.737976074219,0.385498046875,1.850366353989,-1.107856869698,-0.522638916969,106.01818263656,-63.475522938246,-29.945004151629
2023-12-10 23:59:20.811,106558234175,0.128295898438,-0.542846679688,-0.738891601562,0.377807617188,1.860353589058,-1.117828011513,-0.528579473495,106.590409055034,-64.046827281182,-30.285372968538
2023-12-10 23:59:20.880,106597889948,0.126098632812,-0.548522949219,-0.73828125,0.37158203125,1.859616518021,-1.128194570541,-0.543591737747,106.548177995396,-64.640787361596,-31.145512351096
2023-12-10 23:59:20.897,106638279848,0.12548828125,-0.55126953125,-0.739440917969,0.365295410156,1.872445464134,-1.135969638824,-0.54193598032,107.283222463305,-65.086265959642,-31.05064443862
2023-12-10 23:59:20.972,106679870571,0.124572753906,-0.556823730469,-0.738525390625,0.359008789062,1.872560977936,-1.147895812988,-0.553995072842,107.289840916611,-65.769585404967,-31.741579544869
2023-12-10 23:59:20.994,106720234317,0.134704589844,-0.564270019531,-0.737243652344,0.346069335938,1.902383565903,-1.181676149368,-0.530892014503,108.998549341273,-67.705056110073,-30.417871808247
