timestamp,time,x,y,z
2023-12-17 11:43:59.546,54980811704,0.061052143574,9.484629631042,0.697909772396,0
2023-12-17 11:43:59.915,55051655625,0.034715924412,9.46787071228,0.748188018799,0
2023-12-17 11:44:00.166,55094368976,0.004788403399,9.44871711731,0.622492432594,0
2023-12-17 11:44:00.356,55133879997,-0.046686932445,9.437943458557,0.640448927879,0
2023-12-17 11:44:00.503,55174203317,-0.088585466146,9.42716884613,0.555454790592,0
2023-12-17 11:44:00.642,55214928885,0.007182605099,9.415198326111,0.529118597507,0
2023-12-17 11:44:00.890,55255256081,0.014365210198,9.44871711731,0.489614248276,0
2023-12-17 11:44:01.138,55295301033,0.004788403399,9.440337181091,0.641646027565,0
2023-12-17 11:44:01.359,55335623061,0.026336219162,9.451110839844,0.499191045761,0
2023-12-17 11:44:01.545,55376628452,-0.011971008033,9.412803649902,0.440533101559,0
2023-12-17 11:44:01.712,55417921022,-0.008379706182,9.425971984863,0.438138902187,0
2023-12-17 11:44:01.906,55458218502,-0.056263741106,9.372102737427,0.494402647018,0
2023-12-17 11:44:02.072,55497282546,-0.020350715145,9.372102737427,0.365115761757,0
2023-12-17 11:44:02.230,55537580026,-0.09576806426,9.433155059814,0.462080925703,0
2023-12-17 11:44:02.370,55577050582,-0.014365210198,9.379284858704,0.402225881815,0
2023-12-17 11:44:02.520,55617345478,-0.11013327539,9.42716884613,0.30765491724,0
2023-12-17 11:44:02.702,55659592329,-0.044292733073,9.490615844727,0.329202741385,0
2023-12-17 11:44:02.841,55700840175,-0.122104287148,9.518148422241,0.314837515354,0
2023-12-17 11:44:02.975,55741135071,-0.04788403213,9.40801525116,-0.14963760972,0
2023-12-17 11:44:03.140,55780634410,-0.068234749138,9.282320022583,-0.441730201244,0
2023-12-17 11:44:03.265,55820929306,-0.082599960268,9.306262016296,-0.678756177425,0
2023-12-17 11:44:03.401,55861516297,-0.214281052351,9.42716884613,-0.577002584934,0
2023-12-17 11:44:03.551,55901813777,-0.359130263329,9.569623947144,-0.360327363014,0
2023-12-17 11:44:03.686,55942386071,-0.22864626348,9.619902610779,-0.420182406902,0
2023-12-17 11:44:03.833,55982444732,-0.28490999341,9.641449928284,-0.536301195621,0
2023-12-17 11:44:03.997,56022830068,-0.247799873352,9.488221168518,-0.265756398439,0
2023-12-17 11:44:04.165,56063472970,-0.344765037298,9.528923034668,-0.481234550476,0
2023-12-17 11:44:04.334,56103864766,-0.426167905331,9.409213066101,-0.412999778986,0
2023-12-17 11:44:04.474,56123739449,-0.040701430291,9.392453193665,-0.389057785273,0
2023-12-17 11:44:04.604,56164162508,-0.055066637695,9.360131263733,-0.104147776961,0
2023-12-17 11:44:04.722,56225071277,-0.033518824726,9.418789863586,-0.209492653608,0
2023-12-17 11:44:04.844,56259457841,-0.156820207834,9.604340553284,-0.071826048195,0
2023-12-17 11:44:04.982,56299787390,-0.193930342793,9.452308654785,-0.38426938653,0
2023-12-17 11:44:05.128,56346284779,-0.081402860582,9.441534042358,-0.3615244627,0
2023-12-17 11:44:05.246,56386664677,-0.445321530104,9.428366661072,-0.749385118484,0
2023-12-17 11:44:05.350,56426993502,-0.094570964575,9.191340446472,-0.599747538567,0
2023-12-17 11:44:05.450,56467391758,-0.137666597962,9.266757965088,-0.470460623503,0
2023-12-17 11:44:05.556,56508025991,-0.028730420396,9.230844497681,-0.438138902187,0
2023-12-17 11:44:05.701,56549247921,-0.354341864586,9.230844497681,-0.264559298754,0
2023-12-17 11:44:05.788,56589655221,-0.494402647018,9.244012832642,-0.539892494678,0
2023-12-17 11:44:05.882,56624923472,-0.477643251419,9.628282546997,0.068234749138,0
2023-12-17 11:44:06.016,56665321728,-0.238223075867,9.657012939453,-0.03950432688,0
2023-12-17 11:44:06.112,56709984198,-0.104147776961,9.624691009521,0.137666597962,0
2023-12-17 11:44:06.200,56750360223,-0.301669418812,9.387664794922,-0.058657940477,0
2023-12-17 11:44:06.285,56790828687,-0.495599746704,9.53969669342,-0.117315880954,0
2023-12-17 11:44:06.398,56832108585,-0.673967778683,9.441534042358,-0.33039984107,0
2023-12-17 11:44:06.475,56872489774,-0.453701227903,9.223662376404,-0.240617275238,0
2023-12-17 11:44:06.646,56911631320,-0.114921681583,9.235632896423,-0.11851298064,0
2023-12-17 11:44:06.799,56952007345,-0.638054728508,9.334992408752,0.281318694353,0
2023-12-17 11:44:06.878,56989760875,-0.507570743561,9.351752281189,0.379480957985,0
2023-12-17 11:44:06.971,57030168175,-0.604535937309,9.357737541199,0.532709896564,0
2023-12-17 11:44:07.040,57070765646,-0.313640415668,9.471462249756,0.730231523514,0
2023-12-17 11:44:07.110,57111178114,-0.130483999848,9.725247383118,1.10372698307,0
2023-12-17 11:44:07.194,57154453889,-0.191536128521,9.769539833069,1.711854219437,0
2023-12-17 11:44:07.269,57191891917,-0.220266550779,9.956287384033,0.794874966145,0
2023-12-17 11:44:07.405,57232309553,-0.274136096239,9.554061889648,0.705092430115,0
2023-12-17 11:44:07.460,57275623681,-0.635660529137,9.40801525116,0.332794040442,0
2023-12-17 11:44:07.554,57316041317,-0.499191045761,9.222464561462,-0.011971008033,0
2023-12-17 11:44:07.630,57352340488,-0.408211380243,9.172186851501,0.155623108149,0
2023-12-17 11:44:07.687,57392709028,-0.09576806426,9.208099365234,-0.081402860582,0
2023-12-17 11:44:07.760,57436519863,-0.368707060814,9.320627212524,0.219069451094,0
2023-12-17 11:44:07.809,57478553003,-0.223857864738,9.594763755798,0.671573579311,0
2023-12-17 11:44:07.884,57518970639,-0.541089594364,9.829395294189,0.902614057064,0
2023-12-17 11:44:07.976,57557961720,-0.306457817554,9.805453300476,0.999579191208,0
2023-12-17 11:44:08.028,57598330260,-0.495599746704,9.725247383118,0.713472127914,0
2023-12-17 11:44:08.091,57638807853,-0.428562104702,9.416395187378,0.288501292467,0
2023-12-17 11:44:08.193,57679176393,-0.399831682444,9.167398452759,0.314837515354,0
2023-12-17 11:44:08.248,57717950046,-0.494402647018,9.129091262817,0.131681099534,0
2023-12-17 11:44:08.294,57760240249,-0.469263523817,9.253589630127,-0.013168109581,0
2023-12-17 11:44:08.345,57800657885,-0.3531447649,9.212887763977,0.478840351105,0
2023-12-17 11:44:08.397,57841344866,-0.433350503445,9.374496459961,0.638054728508,0
2023-12-17 11:44:08.487,57881762502,-0.586579442024,9.569623947144,0.955286502838,0
2023-12-17 11:44:08.535,57922210093,-0.543483793736,9.556455612183,0.871489405632,0
2023-12-17 11:44:08.574,57962557961,-0.453701227903,9.406818389893,0.999579191208,0
2023-12-17 11:44:08.697,58002886950,-0.331596940756,9.321824073792,0.703895270824,0
2023-12-17 11:44:08.742,58041540910,-0.555454790592,9.410409927368,0.543483793736,0
2023-12-17 11:44:08.789,58081998598,-0.463278025389,9.490615844727,0.624886631966,0
2023-12-17 11:44:08.838,58123885821,-0.626083731651,9.623494148254,0.66079968214,0
2023-12-17 11:44:08.969,58164364181,-0.48003745079,9.612719535828,0.59615623951,0
2023-12-17 11:44:09.047,58204994437,-0.567425787449,9.708487510681,0.755370616913,0
2023-12-17 11:44:09.278,58245452125,-0.418985307217,9.538499832153,0.676361978054,0
2023-12-17 11:44:09.313,58285868012,-0.553060591221,9.665391921997,0.782903969288,0
2023-12-17 11:44:09.361,58326529196,-0.471657723188,9.566033363342,0.857124209404,0
2023-12-17 11:44:09.439,58366977840,-0.693121373653,9.534908294678,0.383072257042,0
2023-12-17 11:44:09.514,58407058616,-0.80445176363,9.503783226013,0.336385339499,0
2023-12-17 11:44:09.562,58447498216,-0.852335810661,9.485827445984,0.398634582758,0
2023-12-17 11:44:09.697,58487438364,-0.549469292164,9.439140319824,0.514753341675,0
2023-12-17 11:44:09.748,58527887008,-0.385466486216,9.265560150146,0.573411285877,0
2023-12-17 11:44:09.797,58568742988,-0.081402860582,9.411606788635,0.912190854549,0
2023-12-17 11:44:09.863,58609916817,-0.518344640732,9.419986724854,0.778115570545,0
2023-12-17 11:44:09.983,58650359001,-0.39264908433,9.457097053528,0.942118346691,0
2023-12-17 11:44:10.060,58689777158,-0.708683729172,9.82341003418,0.423773705959,0
2023-12-17 11:44:10.105,58730219342,-0.341173738241,9.585186958313,0.836773514748,0
2023-12-17 11:44:10.139,58770576382,-1.12048637867,9.530119895935,0.822408258915,0
2023-12-17 11:44:10.187,58811015982,-0.620098233223,9.264363288879,0.07900865376,0
2023-12-17 11:44:10.263,58851494888,-0.333991140127,9.204508781433,0.155623108149,0
2023-12-17 11:44:10.301,58892791501,0,9.300276756287,0.336385339499,0
2023-12-17 11:44:10.331,58933231101,-0.278924494982,9.282320022583,-0.247799873352,0
2023-12-17 11:44:10.362,58972636734,-0.193930342793,9.552865028381,0.248996973038,0
2023-12-17 11:44:10.411,59013059538,-0.481234550476,9.536105155945,0.378283858299,0
2023-12-17 11:44:10.443,59051367540,0.148440510035,9.397241592407,-0.061052143574,0
2023-12-17 11:44:10.474,59091790344,-0.399831682444,9.491812705994,0.155623108149,0
2023-12-17 11:44:10.498,59134289501,-0.033518824726,9.260771751404,0.07900865376,0
2023-12-17 11:44:10.524,59175617725,-0.422576606274,9.516951560974,-0.545877993107,0
2023-12-17 11:44:10.607,59216014406,-0.18914192915,9.440337181091,0.930147349834,0
2023-12-17 11:44:10.639,59255584409,-0.33039984107,9.646238327026,0.69671267271,0
2023-12-17 11:44:10.714,59296003337,-0.076614454389,9.358934402466,1.018732786179,0
2023-12-17 11:44:10.764,59336011141,-0.448912829161,9.34935760498,0.720654726028,0
2023-12-17 11:44:10.797,59376389748,-0.339976638556,9.302670478821,0.210689753294,0
2023-12-17 11:44:10.831,59417235178,-0.262165099382,9.417592048645,0.439336001873,0
2023-12-17 11:44:10.860,59458680340,-0.131681099534,9.366117477417,0.196324542165,0
2023-12-17 11:44:10.888,59499058947,-0.390254884958,9.352949142456,0.258573770523,0
2023-12-17 11:44:10.911,59536281037,-0.502782344818,9.325415611267,0.231040462852,0
2023-12-17 11:44:10.932,59576659644,-0.312443315983,9.050082206726,-0.063446342945,0
2023-12-17 11:44:10.959,59618542424,-0.556651890278,9.472659111023,-0.202310040593,0
2023-12-17 11:44:10.981,59658921031,-0.386663585901,9.475052833557,0.196324542165,0
2023-12-17 11:44:11.003,59700195433,-0.313640415668,9.665391921997,0.806845963001,0
2023-12-17 11:44:11.029,59741488326,-0.56981998682,9.737217903137,0.511162042618,0
2023-12-17 11:44:11.057,59781870806,-0.41539400816,9.653421401978,0.343567937613,0
2023-12-17 11:44:11.096,59820306660,-0.572214186192,9.707290649414,0.141257897019,0
2023-12-17 11:44:11.148,59860720420,-0.191536128521,9.218873977661,0.141257897019,0
2023-12-17 11:44:11.196,59900723711,-0.232237562537,9.239224433899,0.108936175704,0
2023-12-17 11:44:11.240,59941137471,-0.083797059953,9.111134529114,-0.152031809092,0
2023-12-17 11:44:11.264,59978997676,-0.617704033852,9.354146003723,-0.090979665518,0
2023-12-17 11:44:11.287,60019397224,-0.519541740417,9.588777542114,-0.286107093096,0
2023-12-17 11:44:11.313,60063065983,-0.577002584934,9.503783226013,-0.545877993107,0
2023-12-17 11:44:11.341,60104174069,-0.84994161129,9.510966300964,-0.438138902187,0
2023-12-17 11:44:11.383,60144542348,-0.567425787449,9.221267700195,-0.896628558636,0
2023-12-17 11:44:11.410,60184102245,-0.666785180569,9.378087997437,-1.254561662674,0
2023-12-17 11:44:11.433,60224512129,-0.876277804375,9.54568195343,-0.824802458286,0
2023-12-17 11:44:11.482,60265077108,-0.76853877306,9.567230224609,-0.671573579311,0
2023-12-17 11:44:11.503,60305486992,-0.608127236366,9.409213066101,-0.082599960268,0
2023-12-17 11:44:11.557,60346655505,-0.670376479626,9.445125579834,-0.071826048195,0
2023-12-17 11:44:11.579,60386142580,-0.703895270824,9.494206428528,0.231040462852,0
2023-12-17 11:44:11.602,60426536960,-0.717063426971,9.367314338684,0.156820207834,0
2023-12-17 11:44:11.627,60463465922,-0.830788016319,9.538499832153,-0.185550630093,0
2023-12-17 11:44:11.647,60503860302,-0.701501071453,9.503783226013,-0.405817180872,0
2023-12-17 11:44:11.669,60540307894,-0.843956112862,9.524134635925,-0.402225881815,0
2023-12-17 11:44:11.701,60580702274,-0.76853877306,9.46787071228,-0.167594119906,0
2023-12-17 11:44:11.722,60629435071,-0.798466265202,9.458293914795,-0.209492653608,0
2023-12-17 11:44:11.747,60669181021,-0.664390981197,9.39604473114,-0.035913024098,0
2023-12-17 11:44:11.769,60709575401,-0.656011283398,9.410409927368,-0.12689268589,0
2023-12-17 11:44:11.790,60750654051,-0.679953277111,9.477447509766,-0.13287819922,0
2023-12-17 11:44:11.810,60791047139,-0.664390981197,9.451110839844,-0.185550630093,0
2023-12-17 11:44:11.831,60822658614,-0.745793819427,9.53969669342,-0.227449163795,0
2023-12-17 11:44:11.853,60863051702,-0.659602582455,9.512163162231,-0.058657940477,0
2023-12-17 11:44:11.874,60911855147,-0.733822822571,9.47385597229,-0.092176765203,0
2023-12-17 11:44:11.901,60953605025,-0.737414121628,9.431957244873,0.102950669825,0
2023-12-17 11:44:11.924,60994007157,-0.816422760487,9.4798412323,-0.035913024098,0
2023-12-17 11:44:12.028,61033592585,-0.797269165516,9.441534042358,-0.225054964423,0
2023-12-17 11:44:12.051,61073985673,-0.781706869602,9.469067573547,0.403422981501,0
2023-12-17 11:44:12.078,61114278436,-0.494402647018,9.388861656189,-0.152031809092,0
2023-12-17 11:44:12.112,61154671524,-0.724246025085,9.67018032074,-0.372298359871,0
2023-12-17 11:44:12.133,61195210549,-0.629675030708,9.449913978577,0.12689268589,0
2023-12-17 11:44:12.157,61236062079,-0.573411285877,9.28351688385,-0.063446342945,0
2023-12-17 11:44:12.187,61276471963,-0.906205356121,9.657012939453,-0.298078119755,0
2023-12-17 11:44:12.207,61315222564,-0.628477931023,9.569623947144,-0.165199920535,0
2023-12-17 11:44:12.227,61355663725,-0.3699041605,9.417592048645,0.080205753446,0
2023-12-17 11:44:12.258,61397133966,-0.45729252696,9.765948295593,0.080205753446,0
2023-12-17 11:44:12.276,61437543850,-0.514753341675,9.526528358459,-0.471657723188,0
2023-12-17 11:44:12.300,61476083584,-0.462080925703,9.25837802887,0.032321721315,0
2023-12-17 11:44:12.321,61511082663,-0.51595044136,9.367314338684,-0.241814374924,0
2023-12-17 11:44:12.349,61551492547,-0.345962136984,9.360131263733,-0.075417354703,0
2023-12-17 11:44:12.373,61599190627,-0.21188685298,9.364919662476,-0.099359370768,0
2023-12-17 11:44:12.391,61639647023,-0.186747729778,9.422380447388,-0.244208574295,0
2023-12-17 11:44:12.409,61679947836,0.044292733073,9.44871711731,0.106541976333,0
2023-12-17 11:44:12.428,61720357720,-0.184353530407,9.528923034668,-0.057460840791,0
2023-12-17 11:44:12.444,61756395867,-0.156820207834,9.368511199951,-0.187944829464,0
2023-12-17 11:44:12.468,61796805751,-0.25378537178,9.561244010925,0.11851298064,0
2023-12-17 11:44:12.486,61841555129,-0.183156430721,9.482235908508,0,0
2023-12-17 11:44:12.506,61882961526,-0.221463650465,9.502586364746,0.142454996705,0
2023-12-17 11:44:12.525,61923376578,-0.234631761909,9.362525939941,-0.152031809092,0
2023-12-17 11:44:12.581,61961222312,-0.293289721012,9.204508781433,-0.117315880954,0
2023-12-17 11:44:12.607,62001637364,-0.336385339499,9.374496459961,0.033518824726,0
2023-12-17 11:44:12.634,62043668449,-0.393846184015,9.403226852417,-0.326808542013,0
2023-12-17 11:44:12.661,62084922041,-0.436941802502,9.472659111023,0.214281052351,0
2023-12-17 11:44:12.684,62125368374,-0.311246216297,9.452308654785,0.13287819922,0
2023-12-17 11:44:12.711,62161773463,-0.209492653608,9.357737541199,0.03950432688,0
2023-12-17 11:44:12.739,62202219796,-0.140060797334,9.445125579834,0.501585245132,0
2023-12-17 11:44:12.762,62245471362,-0.234631761909,9.500192642212,0.292092621326,0
2023-12-17 11:44:12.792,62285886414,-0.262165099382,9.27753162384,0.430956304073,0
2023-12-17 11:44:12.816,62326362724,-0.192733243108,9.373299598694,0.59615623951,0
2023-12-17 11:44:12.834,62365112231,-0.420182406902,9.495404243469,0.652419984341,0
2023-12-17 11:44:12.860,62405522115,-0.209492653608,9.308655738831,0.918176352978,0
2023-12-17 11:44:12.884,62446499840,-0.326808542013,9.418789863586,1.10372698307,0
2023-12-17 11:44:12.909,62486941001,-0.349553436041,9.40801525116,0.834379315376,0
2023-12-17 11:44:12.931,62527938205,-0.757764816284,9.515754699707,1.198297977448,0
2023-12-17 11:44:12.954,62568350673,-0.572214186192,9.574412345886,1.546654343605,0
2023-12-17 11:44:12.977,62608302696,-0.645237386227,9.657012939453,1.406593441963,0
2023-12-17 11:44:12.998,62648706120,-0.603338837624,9.673771858215,1.218648672104,0
2023-12-17 11:44:13.014,62690218446,-0.628477931023,9.629479408264,1.183932781219,0
2023-12-17 11:44:13.039,62730135741,-0.658405482769,9.373299598694,0.997184991837,0
2023-12-17 11:44:13.058,62770537873,-0.790086567402,9.437943458557,1.359906554222,0
2023-12-17 11:44:13.077,62811486390,-0.391451984644,9.260771751404,1.551442742348,0
2023-12-17 11:44:13.093,62851888522,-0.280121594667,9.374496459961,1.174355983734,0
2023-12-17 11:44:13.151,62890959477,-0.324414342642,9.509769439697,0.559046089649,0
2023-12-17 11:44:13.166,62931361609,-0.277727395296,9.475052833557,0.869095206261,0
2023-12-17 11:44:13.183,62937661909,-0.344765037298,9.507374763489,0.919373452663,0
2023-12-17 11:44:13.199,62978064041,-0.458489626646,9.563638687134,0.648828685284,0
2023-12-17 11:44:13.215,63052724311,-0.186747729778,9.380482673645,1.297657370567,0
2023-12-17 11:44:13.234,63095218921,-0.308852016926,9.356540679932,1.322796463966,0
2023-12-17 11:44:13.258,63135633973,-0.289698392153,9.507374763489,1.480813741684,0
2023-12-17 11:44:13.334,63175150071,-0.763750314713,9.720458984375,1.205480575562,0
2023-12-17 11:44:13.364,63215552203,-0.944512546062,9.780313491821,0.709880828857,0
2023-12-17 11:44:13.395,63255607850,-0.553060591221,9.63905620575,1.088164687157,0
2023-12-17 11:44:13.446,63297045785,-0.441730201244,9.585186958313,1.069011092186,0
2023-12-17 11:44:13.465,63337425953,-0.559046089649,9.459490776062,0.782903969288,0
2023-12-17 11:44:13.505,63372953809,-0.453701227903,9.40801525116,0.882263302803,0
2023-12-17 11:44:13.535,63413333977,-0.551863491535,9.251194953918,1.046266198158,0
2023-12-17 11:44:13.564,63457892572,-0.424970805645,9.13986492157,1.005564689636,0
2023-12-17 11:44:13.587,63498272740,-0.566228687763,9.384073257446,1.125274777412,0
2023-12-17 11:44:13.667,63536746696,-0.603338837624,9.498994827271,0.767341673374,0
2023-12-17 11:44:13.743,63579905266,-0.731428623199,9.594763755798,0.831985116005,0
2023-12-17 11:44:13.759,63620273806,-0.652419984341,9.649829864502,0.624886631966,0
2023-12-17 11:44:13.814,63649821795,-0.478840351105,9.630676269531,1.030703783035,0
2023-12-17 11:44:13.833,63690190335,-0.966060400009,9.739612579346,1.411381959915,0
2023-12-17 11:44:13.874,63740625553,-0.518344640732,9.422380447388,0.611718535423,0
2023-12-17 11:44:13.896,63781071613,0.065840549767,9.27753162384,0.708683729172,0
2023-12-17 11:44:13.923,63820830783,0.232237562537,9.410409927368,0.729034423828,0
2023-12-17 11:44:13.944,63862827322,0.266953498125,9.516951560974,0.99359369278,0
2023-12-17 11:44:13.965,63903206198,-0.138863697648,9.497797966003,1.069011092186,0
2023-12-17 11:44:14.049,63942561818,-0.433350503445,9.510966300964,1.176750183105,0
2023-12-17 11:44:14.066,63982971702,-0.604535937309,9.519346237183,0.811634361744,0
2023-12-17 11:44:14.084,64023511237,-0.51595044136,9.515754699707,0.55066639185,0
2023-12-17 11:44:14.100,64063921121,-0.670376479626,9.510966300964,0.787692368031,0
2023-12-17 11:44:14.115,64104452503,-0.746990919113,9.513360023499,0.762553215027,0
2023-12-17 11:44:14.132,64145679299,-0.408211380243,9.501389503479,0.477643251419,0
2023-12-17 11:44:14.149,64186157957,-0.529118597507,9.424775123596,1.230619668961,0
2023-12-17 11:44:14.165,64225289855,-0.221463650465,9.659406661987,1.204283475876,0
2023-12-17 11:44:14.183,64265737207,-0.453701227903,9.39604473114,0.514753341675,0
2023-12-17 11:44:14.201,64301171508,-0.648828685284,9.759963035583,0.481234550476,0
2023-12-17 11:44:14.220,64341618860,-0.3699041605,9.522936820984,0.857124209404,0
2023-12-17 11:44:14.237,64383322746,-0.447715729475,9.653421401978,0.628477931023,0
2023-12-17 11:44:14.267,64423770098,-0.304063618183,9.394847869873,0.748188018799,0
2023-12-17 11:44:14.287,64467235513,-0.07062894851,9.089587211609,0.610521435738,0
2023-12-17 11:44:14.303,64498088221,-0.107739076018,9.400833129883,0.146046310663,0
2023-12-17 11:44:14.320,64538522341,-0.450109928846,9.385271072388,-0.04788403213,0
2023-12-17 11:44:14.352,64589122240,-0.243011474609,9.494206428528,0.62368953228,0
2023-12-17 11:44:14.374,64629587680,-0.490811347961,9.509769439697,0.22864626348,0
2023-12-17 11:44:14.394,64668118481,-0.656011283398,9.259574890137,0.375889658928,0
2023-12-17 11:44:14.413,64711571117,-0.421379506588,8.933963775635,0.611718535423,0
2023-12-17 11:44:14.431,64751970665,-0.201112940907,9.09317779541,0.527921497822,0
2023-12-17 11:44:14.479,64790011784,-0.029927521944,9.113529205322,0.100556470454,0
2023-12-17 11:44:14.504,64830411332,-0.123301386833,9.510966300964,-0.469263523817,0
2023-12-17 11:44:14.525,64859368694,-0.258573770523,9.648633003235,-0.366312861443,0
2023-12-17 11:44:14.555,64899721730,-0.057460840791,9.482235908508,-0.051475334913,0
2023-12-17 11:44:14.579,64951420413,-0.33039984107,9.82341003418,-0.359130263329,0
2023-12-17 11:44:14.601,64991773449,-0.351947635412,9.832986831665,-0.101753570139,0
2023-12-17 11:44:14.616,65029884631,-0.266953498125,9.558850288391,0.248996973038,0
2023-12-17 11:44:14.631,65073572180,-0.363918662071,9.358934402466,0.204704239964,0
2023-12-17 11:44:14.655,65113943041,-0.446518629789,9.449913978577,0.18914192915,0
2023-12-17 11:44:14.689,65148231668,-0.417788207531,9.215282440186,-0.138863697648,0
2023-12-17 11:44:14.710,65188633800,-0.62368953228,9.212887763977,-0.63206923008,0
2023-12-17 11:44:14.728,65234742605,-0.396240383387,9.226056098938,-1.177947282791,0
2023-12-17 11:44:14.749,65275144737,-0.240617275238,9.045293807983,-0.948103845119,0
2023-12-17 11:44:14.768,65316202800,-0.627280831337,9.382876396179,-1.307234168053,0
2023-12-17 11:44:14.786,65347562968,-0.289698392153,9.488221168518,-1.230619668961,0
2023-12-17 11:44:14.814,65387948304,-0.168791219592,9.437943458557,-1.066616892815,0
2023-12-17 11:44:14.838,65437972764,-0.015562310815,9.466673851013,-1.015141487122,0
2023-12-17 11:44:14.857,65478358100,-0.059855043888,9.507374763489,-0.89543145895,0
2023-12-17 11:44:14.879,65516948472,0.03950432688,9.379284858704,-0.775721371174,0
2023-12-17 11:44:14.897,65557274148,0.120907187462,9.378087997437,-0.620098233223,0
2023-12-17 11:44:14.913,65599125017,0.098162271082,9.190143585205,-0.58777654171,0
2023-12-17 11:44:14.932,65640890054,0.029927521944,9.240421295166,-0.566228687763,0
2023-12-17 11:44:14.951,65681240259,0.010773907416,9.287108421326,-0.508767843246,0
2023-12-17 11:44:14.968,65720702766,-0.14963760972,9.449913978577,-0.092176765203,0
2023-12-17 11:44:14.984,65761084226,-0.204704239964,9.506177902222,-0.15801730752,0
2023-12-17 11:44:15.001,65801358373,-0.134075298905,9.466673851013,-0.366312861443,0
2023-12-17 11:44:15.018,65841739833,-0.166397020221,9.379284858704,-0.699106872082,0
2023-12-17 11:44:15.034,65882450040,-0.20590133965,9.263166427612,-0.793677866459,0
2023-12-17 11:44:15.054,65923372946,-0.298078119755,9.241618156433,-0.854730010033,0
2023-12-17 11:44:15.074,65963802210,-0.274136096239,9.35534286499,-0.59615623951,0
2023-12-17 11:44:15.090,66003490174,-0.451307028532,9.594763755798,-0.497993946075,0
2023-12-17 11:44:15.106,66043901056,-0.513556241989,9.636661529541,-0.378283858299,0
2023-12-17 11:44:15.122,66084409367,-0.536301195621,9.709685325623,-0.375889658928,0
2023-12-17 11:44:15.139,66124851551,-0.4118026793,9.607931137085,-0.440533101559,0
2023-12-17 11:44:15.156,66164799550,-0.368707060814,9.4427318573,-0.608127236366,0
2023-12-17 11:44:15.179,66205441506,-0.408211380243,9.272743225098,-0.187944829464,0
2023-12-17 11:44:15.197,66245914992,-0.362721562386,9.311050415039,-0.975637197495,0
2023-12-17 11:44:15.219,66284391537,-0.362721562386,9.452308654785,-1.185129880905,0
2023-12-17 11:44:15.237,66324833721,-0.332794040442,9.428366661072,-1.0678139925,0
2023-12-17 11:44:15.255,66367099370,-0.272938996553,9.439140319824,-0.890643060207,0
2023-12-17 11:44:15.274,66407541554,-0.445321530104,9.55166721344,-0.80445176363,0
2023-12-17 11:44:15.291,66448086271,-0.31603461504,9.331400871277,-0.785298168659,0
2023-12-17 11:44:15.308,66481241684,-0.33877953887,9.288305282593,-1.039083480835,0
2023-12-17 11:44:15.326,66521683868,-0.58777654171,9.488221168518,-0.897825658321,0
2023-12-17 11:44:15.346,66567326175,-0.401028782129,9.483432769775,-0.500388145447,0
2023-12-17 11:44:15.364,66607737057,-0.399831682444,9.464279174805,-0.407014280558,0
2023-12-17 11:44:15.381,66644491343,-0.286107093096,9.458293914795,0.082599960268,0
2023-12-17 11:44:15.398,66684912855,-0.506373643875,9.725247383118,0.119710087776,0
2023-12-17 11:44:15.416,66709951950,-0.201112940907,9.46787071228,-0.475249052048,0
2023-12-17 11:44:15.440,66750373462,-0.222660765052,9.404424667358,-0.468066424131,0
2023-12-17 11:44:15.457,66811764076,-0.239420175552,9.314641952515,-0.687135875225,0
2023-12-17 11:44:15.473,66834453944,-0.083797059953,9.320627212524,-0.744596719742,0
2023-12-17 11:44:15.491,66874766710,-0.417788207531,9.309853553772,-0.526724398136,0
2023-12-17 11:44:15.508,66932965717,-0.272938996553,9.307458877563,-0.700303971767,0
2023-12-17 11:44:15.522,66973309709,-0.459686726332,9.270348548889,-0.51595044136,0
2023-12-17 11:44:15.538,67013834175,-0.363918662071,9.415198326111,-0.48841714859,0
2023-12-17 11:44:15.553,67053215056,-0.567425787449,9.403226852417,-0.112527482212,0
2023-12-17 11:44:15.567,67093622356,-0.209492653608,9.503783226013,-0.281318694353,0
2023-12-17 11:44:15.582,67134716566,-0.268150597811,9.527725219727,-0.48003745079,0
2023-12-17 11:44:15.597,67175129034,-0.23702596128,9.510966300964,-0.281318694353,0
2023-12-17 11:44:15.613,67212346151,-0.298078119755,9.39005947113,-0.379480957985,0
2023-12-17 11:44:15.632,67252758619,-0.561440289021,9.379284858704,-0.252588272095,0
2023-12-17 11:44:15.649,67294323778,-0.499191045761,9.25837802887,-0.23702596128,0
2023-12-17 11:44:15.665,67334736246,-0.325611442327,9.150638580322,-0.320823013783,0
2023-12-17 11:44:15.682,67375664297,-0.256179571152,9.18056678772,0.213083952665,0
2023-12-17 11:44:15.699,67418812257,-0.266953498125,9.214085578918,0.077811554074,0
2023-12-17 11:44:15.719,67459201469,-0.4118026793,9.397241592407,0.290895491838,0
2023-12-17 11:44:15.741,67496782262,-0.329202741385,9.508571624756,-0.252588272095,0
2023-12-17 11:44:15.757,67537171474,-0.702698171139,9.63307094574,0.381875157356,0
2023-12-17 11:44:15.775,67578783178,-0.541089594364,9.692925453186,0.259770870209,0
2023-12-17 11:44:15.790,67619176266,-0.630872130394,9.732429504395,0.610521435738,0
2023-12-17 11:44:15.807,67657504657,-0.626083731651,9.446322441101,0.389057785273,0
2023-12-17 11:44:15.822,67700619773,-0.518344640732,9.472659111023,0.404620081186,0
2023-12-17 11:44:15.838,67740981597,-0.447715729475,9.333795547485,0.420182406902,0
2023-12-17 11:44:15.853,67781593590,-0.423773705959,9.46787071228,0.355538964272,0
2023-12-17 11:44:15.870,67821948959,-0.430956304073,9.536105155945,0.627280831337,0
2023-12-17 11:44:15.898,67862322663,-0.630872130394,9.560047149658,0.995987892151,0
2023-12-17 11:44:15.914,67902710583,-0.731428623199,9.52054309845,0.792480766773,0
2023-12-17 11:44:15.939,67937666970,-0.703895270824,9.501389503479,0.90381115675,0
2023-12-17 11:44:15.954,67980591531,-0.548272192478,9.534908294678,0.998382091522,0
2023-12-17 11:44:15.970,68020979451,-0.52552729845,9.570821762085,1.246181964874,0
2023-12-17 11:44:15.987,68061036875,-0.354341864586,9.498994827271,1.055842995644,0
2023-12-17 11:44:16.002,68101422211,-0.355538964272,9.481039047241,1.04866039753,0
2023-12-17 11:44:16.019,68145386958,-0.259770870209,9.39005947113,0.994790792465,0
2023-12-17 11:44:16.035,68185741036,-0.511162042618,9.42716884613,0.905008256435,0
2023-12-17 11:44:16.054,68223039964,-0.539892494678,9.500192642212,1.15639936924,0
2023-12-17 11:44:16.074,68266625806,-0.792480766773,9.601945877075,1.158793568611,0
2023-12-17 11:44:16.095,68307033106,-0.466869324446,9.493009567261,1.25575876236,0
2023-12-17 11:44:16.135,68345130764,-0.738611221313,9.618705749512,1.133654475212,0
2023-12-17 11:44:16.155,68385538064,-0.56981998682,9.484629631042,1.4460978508,0
2023-12-17 11:44:16.178,68423762124,-0.555454790592,9.40801525116,1.227028369904,0
2023-12-17 11:44:16.194,68464169424,-0.418985307217,9.419986724854,1.551442742348,0
2023-12-17 11:44:16.214,68509020464,-0.521935999393,9.616311073303,1.298854470253,0
2023-12-17 11:44:16.230,68550019590,-0.49679684639,9.525331497192,1.358709454536,0
2023-12-17 11:44:16.249,68590434642,-0.28490999341,9.472659111023,1.0845733881,0
2023-12-17 11:44:16.268,68629904071,-0.414196908474,9.440337181091,1.094150185585,0
2023-12-17 11:44:16.290,68670319123,-0.49679684639,9.449913978577,0.891840159893,0
2023-12-17 11:44:16.312,68708442896,-0.641646027565,9.369708061218,0.992396593094,0
2023-12-17 11:44:16.330,68748826667,-0.27653029561,9.18056678772,0.784101068974,0
2023-12-17 11:44:16.347,68791614173,-0.634463429451,9.33618927002,1.191115379333,0
2023-12-17 11:44:16.363,68810827380,-0.532709896564,9.498994827271,0.781706869602,0
2023-12-17 11:44:16.380,68851149408,-0.152031809092,9.398438453674,1.009155988693,0
2023-12-17 11:44:16.395,68891471436,-0.289698392153,9.531316757202,1.503558635712,0
2023-12-17 11:44:16.412,68952792791,-0.715866327286,9.720458984375,1.844732403755,0
2023-12-17 11:44:16.429,68994802755,0.311246216297,9.321824073792,1.436521053314,0
2023-12-17 11:44:16.446,69035124783,0.19752164185,9.259574890137,0.833182215691,0
2023-12-17 11:44:16.461,69074657682,-0.223857864738,9.599552154541,0.937329947948,0
2023-12-17 11:44:16.477,69108763860,-0.463278025389,9.490615844727,0.147243410349,0
2023-12-17 11:44:16.493,69149163123,0.038307227194,9.44871711731,0.809240162373,0
2023-12-17 11:44:16.509,69195879650,-0.143652096391,9.46787071228,1.192312479019,0
2023-12-17 11:44:16.526,69236278913,0.272938996553,9.352949142456,0.891840159893,0
2023-12-17 11:44:16.543,69276637235,-0.152031809092,9.368511199951,0.409408479929,0
2023-12-17 11:44:16.557,69317072959,-0.104147776961,9.434351921082,0.744596719742,0
2023-12-17 11:44:16.598,69357431686,-0.54228669405,9.701305389404,1.077390789986,0
2023-12-17 11:44:16.615,69398717284,-0.438138902187,9.464279174805,1.047463297844,0
2023-12-17 11:44:16.633,69439111383,-0.027533318847,9.285911560059,0.721851825714,0
2023-12-17 11:44:16.649,69478665104,-0.410605579615,9.583989143372,1.213860273361,0
2023-12-17 11:44:16.663,69519059203,-0.142454996705,9.362525939941,1.094150185585,0
2023-12-17 11:44:16.693,69551074412,-0.489614248276,9.556455612183,1.327584862709,0
2023-12-17 11:44:16.710,69591468511,-0.213083952665,9.312247276306,1.731007814407,0
2023-12-17 11:44:16.729,69640341146,-0.238223075867,9.500192642212,1.540668845177,0
2023-12-17 11:44:16.745,69681667769,-0.464475125074,9.550470352173,1.061828494072,0
2023-12-17 11:44:16.763,69722070905,-0.387860685587,9.366117477417,0.994790792465,0
2023-12-17 11:44:16.785,69758396759,-0.371101260185,9.357737541199,1.0761936903,0
2023-12-17 11:44:16.803,69798799895,-0.282515794039,9.004592895508,1.110909581184,0
2023-12-17 11:44:16.819,69840726432,-0.058657940477,9.06205368042,1.005564689636,0
2023-12-17 11:44:16.837,69881129568,-0.513556241989,9.320627212524,0.814028561115,0
2023-12-17 11:44:16.853,69921998268,-0.38426938653,9.235632896423,1.201889276505,0
2023-12-17 11:44:16.869,69963016812,-0.603338837624,9.542090415955,0.754173517227,0
2023-12-17 11:44:16.885,70003429280,-0.407014280558,9.555258750916,0.810437262058,0
2023-12-17 11:44:16.900,70040022745,-0.44292730093,9.640253067017,0.995987892151,0
2023-12-17 11:44:16.917,70080435213,-0.320823013783,9.703699111938,1.162384867668,0
2023-12-17 11:44:16.934,70121970082,-0.136469498277,9.469067573547,1.033097982407,0
2023-12-17 11:44:16.951,70162382550,-0.171185418963,9.542090415955,1.292868971825,0
2023-12-17 11:44:16.969,70205438121,-0.190339028835,9.561244010925,1.250970363617,0
2023-12-17 11:44:16.989,70245864801,-0.371101260185,9.582792282104,1.631648421288,0
2023-12-17 11:44:17.005,70286834618,-0.204704239964,9.493009567261,1.529894828796,0
2023-12-17 11:44:17.023,70327459945,-0.172382518649,9.417592048645,1.231816768646,0
2023-12-17 11:44:17.040,70367872413,-0.286107093096,9.263166427612,0.938527047634,0
2023-12-17 11:44:17.060,70406692294,-0.098162271082,8.917203903198,1.004367589951,0
2023-12-17 11:44:17.078,70447072192,-0.519541740417,9.23682975769,0.721851825714,0
2023-12-17 11:44:17.095,70488918504,-0.395043283701,9.356540679932,0.945709645748,0
2023-12-17 11:44:17.129,70529299693,-0.512359142303,9.587580680847,1.152808070183,0
2023-12-17 11:44:17.146,70569622183,-0.405817180872,9.667786598206,0.988805294037,0
2023-12-17 11:44:17.162,70596990443,-0.396240383387,9.67018032074,1.173158884048,0
2023-12-17 11:44:17.178,70637383251,-0.586579442024,9.555258750916,1.031900882721,0
2023-12-17 11:44:17.195,70690328512,-0.695515573025,9.423578262329,0.433350503445,0
2023-12-17 11:44:17.210,70730721320,-0.331596940756,9.278728485107,0.247799873352,0
2023-12-17 11:44:17.227,70771486844,-0.49679684639,9.39604473114,0.092176765203,0
2023-12-17 11:44:17.244,70811886107,-0.414196908474,9.307458877563,0.165199920535,0
2023-12-17 11:44:17.262,70843963970,-0.391451984644,9.540893554688,0.164002820849,0
2023-12-17 11:44:17.281,70884363233,-0.287304192781,9.521739959717,-0.080205753446,0
2023-12-17 11:44:17.303,70933424860,-0.304063618183,9.496601104736,-0.266953498125,0
2023-12-17 11:44:17.330,70974620032,-0.342370837927,9.485827445984,-0.287304192781,0
2023-12-17 11:44:17.355,71015028332,-0.120907187462,9.321824073792,-0.128089785576,0
2023-12-17 11:44:17.373,71054655864,-0.458489626646,9.466673851013,0.28490999341,0
2023-12-17 11:44:17.400,71095042217,-0.444124400616,9.567230224609,0.59615623951,0
2023-12-17 11:44:17.417,71135123973,-0.487220048904,9.641449928284,0.608127236366,0
2023-12-17 11:44:17.447,71173795257,-0.381875157356,9.603142738342,0.402225881815,0
2023-12-17 11:44:17.465,71214198393,-0.509964942932,9.578003883362,0.43454760313,0
2023-12-17 11:44:17.487,71256187314,-0.585382342339,9.417592048645,0.767341673374,0
2023-12-17 11:44:17.511,71296621746,-0.538695394993,9.453505516052,0.671573579311,0
2023-12-17 11:44:17.538,71336828253,-0.597353339195,9.522936820984,0.644040286541,0
2023-12-17 11:44:17.562,71377231389,-0.545877993107,9.508571624756,0.239420175552,0
2023-12-17 11:44:17.590,71418191968,-0.610521435738,9.497797966003,0.106541976333,0
2023-12-17 11:44:17.613,71459336909,-0.501585245132,9.609128952026,0.808043062687,0
2023-12-17 11:44:17.636,71499786845,-0.505176544189,9.665391921997,0.529118597507,0
2023-12-17 11:44:17.657,71539349655,-0.579396784306,9.508571624756,0.223857864738,0
2023-12-17 11:44:17.680,71579768283,-0.557848989964,9.429563522339,0.041898529977,0
2023-12-17 11:44:17.700,71620184638,-0.678756177425,9.430760383606,0.108936175704,0
2023-12-17 11:44:17.720,71660634574,-0.391451984644,9.282320022583,0.18076223135,0
2023-12-17 11:44:17.746,71700223006,-0.741005420685,9.400833129883,0.263362199068,0
2023-12-17 11:44:17.762,71742366506,-0.66079968214,9.453505516052,1.100135684013,0
2023-12-17 11:44:17.779,71782763187,-0.676361978054,9.496601104736,0.553060591221,0
2023-12-17 11:44:17.795,71822315264,-0.585382342339,9.557653427124,0.690727174282,0
2023-12-17 11:44:17.812,71862711945,-0.507570743561,9.47385597229,0.593762040138,0
2023-12-17 11:44:17.837,71899865353,-0.594959139824,9.542090415955,0.20590133965,0
2023-12-17 11:44:17.865,71940234923,-0.484825849533,9.40801525116,0.52552729845,0
2023-12-17 11:44:17.888,71984060304,-0.464475125074,9.4798412323,0.251391172409,0
2023-12-17 11:44:17.912,72010624592,-0.33877953887,9.313444137573,0.286107093096,0
2023-12-17 11:44:17.931,72051025432,-0.331596940756,9.327810287476,0.755370616913,0
2023-12-17 11:44:17.961,72091395002,-0.289698392153,9.576807022095,0.66917937994,0
2023-12-17 11:44:17.984,72144828085,-0.39264908433,9.40801525116,0.33877953887,0
2023-12-17 11:44:18.009,72184084316,-0.44292730093,9.437943458557,0.345962136984,0
2023-12-17 11:44:18.030,72224482572,-0.199915841222,9.399636268616,0.494402647018,0
2023-12-17 11:44:18.051,72263155002,-0.715866327286,9.543288230896,0.263362199068,0
2023-12-17 11:44:18.073,72303553258,-0.622492432594,9.337387084961,0.265756398439,0
2023-12-17 11:44:18.090,72347535258,-0.839167714119,9.333795547485,0.144849196076,0
2023-12-17 11:44:18.107,72388980191,-0.66079968214,9.223662376404,0.089782565832,0
2023-12-17 11:44:18.126,72429383615,-0.791283667088,9.132682800293,0.12689268589,0
2023-12-17 11:44:18.145,72467981084,-0.727837324142,9.148244857788,0.820014059544,0
2023-12-17 11:44:18.162,72508353236,-0.955286502838,9.391256332397,0.244208574295,0
2023-12-17 11:44:18.178,72548492199,-0.7230489254,9.358934402466,0.7062895298,0
2023-12-17 11:44:18.194,72588864351,-0.575805485249,9.489418029785,0.647631585598,0
2023-12-17 11:44:18.211,72627705972,-0.452504128218,9.573215484619,0.700303971767,0
2023-12-17 11:44:18.234,72670799186,-0.598550438881,9.746794700623,0.644040286541,0
2023-12-17 11:44:18.251,72711176770,-0.732625722885,9.491812705994,0.58777654171,0
2023-12-17 11:44:18.271,72750112530,-0.664390981197,9.609128952026,0.840364813805,0
2023-12-17 11:44:18.286,72790490114,-0.745793819427,9.532513618469,1.049857497215,0
2023-12-17 11:44:18.306,72830576499,-0.824802458286,9.481039047241,0.815225660801,0
2023-12-17 11:44:18.324,72870959251,-0.787692368031,9.550470352173,1.248576164246,0
2023-12-17 11:44:18.344,72911826784,-0.708683729172,9.52054309845,0.981622695923,0
2023-12-17 11:44:18.362,72954038983,-0.679953277111,9.536105155945,1.039083480835,0
2023-12-17 11:44:18.379,72994423027,-0.665588080883,9.594763755798,1.104924082756,0
2023-12-17 11:44:18.402,73034382482,-0.506373643875,9.5983543396,1.277306556702,0
2023-12-17 11:44:18.419,73074735269,-0.544680893421,9.504981040955,1.278503656387,0
2023-12-17 11:44:18.436,73115199304,-0.606930136681,9.425971984863,1.053448796272,0
2023-12-17 11:44:18.453,73155553382,-0.691924273968,9.331400871277,1.377863049507,0
2023-12-17 11:44:18.470,73195665925,-1.085770487785,9.509769439697,0.963666200638,0
2023-12-17 11:44:18.487,73237565671,-0.926556050777,9.519346237183,1.059434294701,0
2023-12-17 11:44:18.503,73277952299,-0.55066639185,9.475052833557,1.418564558029,0
2023-12-17 11:44:18.520,73317360216,-0.635660529137,9.495404243469,1.411381959915,0
2023-12-17 11:44:18.542,73357784312,-0.535104095936,9.285911560059,1.547851443291,0
2023-12-17 11:44:18.559,73392614342,-0.209492653608,9.251194953918,1.34673845768,0
2023-12-17 11:44:18.575,73433038438,-0.784101068974,9.387664794922,1.332373261452,0
2023-12-17 11:44:18.592,73479040472,-0.828393816948,9.536105155945,1.007958889008,0
2023-12-17 11:44:18.609,73518415322,-0.942118346691,9.792284965515,1.116895079613,0
2023-12-17 11:44:18.626,73558854922,-0.606930136681,9.701305389404,1.024718284607,0
2023-12-17 11:44:18.643,73600163379,-0.599747538567,9.594763755798,1.258152961731,0
2023-12-17 11:44:18.661,73640603954,-0.514753341675,9.461885452271,1.328781962395,0
2023-12-17 11:44:18.685,73679656516,-0.663193881512,9.254786491394,0.979228496552,0
2023-12-17 11:44:18.702,73720097091,-0.76853877306,9.320627212524,0.733822822571,0
2023-12-17 11:44:18.722,73759737971,-0.690727174282,9.314641952515,0.748188018799,0
2023-12-17 11:44:18.751,73803061018,-0.736217021942,9.457097053528,1.077390789986,0
2023-12-17 11:44:18.771,73843475773,-0.597353339195,9.490615844727,1.113303780556,0
2023-12-17 11:44:18.793,73881383523,-0.942118346691,9.647436141968,1.291671872139,0
2023-12-17 11:44:18.810,73921798278,-0.736217021942,9.44871711731,1.137245774269,0
2023-12-17 11:44:18.827,73963895252,-0.791283667088,9.273940086365,0.900219857693,0
2023-12-17 11:44:18.843,74004350356,-0.575805485249,9.290699958801,0.800860464573,0
2023-12-17 11:44:18.858,74041596280,-0.900219857693,9.476250648499,0.545877993107,0
2023-12-17 11:44:18.875,74084949034,-0.848744511604,9.634267807007,0.332794040442,0
2023-12-17 11:44:18.892,74125372826,-0.41539400816,9.593565940857,0.489614248276,0
2023-12-17 11:44:18.908,74159246065,-0.130483999848,9.734824180603,1.037886381149,0
2023-12-17 11:44:18.926,74199657241,-0.173579618335,9.914389610291,0.506373643875,0
2023-12-17 11:44:18.953,74246385722,-0.256179571152,9.666589736938,0.559046089649,0
2023-12-17 11:44:18.970,74286765620,-0.238223075867,9.688137054443,0.957680702209,0
2023-12-17 11:44:18.986,74325391431,-0.676361978054,9.630676269531,0.175973817706,0
2023-12-17 11:44:19.002,74368872003,-0.312443315983,9.494206428528,0.373495459557,0
2023-12-17 11:44:19.018,74409304832,-0.557848989964,9.410409927368,1.011550188065,0
2023-12-17 11:44:19.048,74448779083,-0.301669418812,9.4427318573,0.152031809092,0
2023-12-17 11:44:19.074,74489182219,-0.864306807518,9.452308654785,0.486022949219,0
2023-12-17 11:44:19.112,74529353784,-0.560243189335,9.238027572632,0.477643251419,0
2023-12-17 11:44:19.137,74569756920,-0.606930136681,8.95551109314,-0.159214407206,0
2023-12-17 11:44:19.180,74610318755,-0.481234550476,9.038111686707,0.566228687763,0
2023-12-17 11:44:19.251,74651056761,-0.404620081186,9.074024200439,0.328005641699,0
2023-12-17 11:44:19.270,74691468934,-0.229843363166,9.142259597778,-0.421379506588,0
2023-12-17 11:44:19.323,74731422243,-0.717063426971,9.4427318573,0.015562310815,0
2023-12-17 11:44:19.344,74771834416,-0.39264908433,9.542090415955,0.289698392153,0
2023-12-17 11:44:19.396,74812291126,-0.835576415062,9.510966300964,0.193930342793,0
2023-12-17 11:44:19.411,74852694262,-0.639251828194,9.496601104736,0.32202014327,0
2023-12-17 11:44:19.466,74891459434,-0.53390699625,9.197325706482,0.640448927879,0
2023-12-17 11:44:19.485,74931862570,-0.319625914097,9.297882080078,0.859518408775,0
2023-12-17 11:44:19.534,74973346119,-0.270544797182,9.509769439697,0.245405673981,0
2023-12-17 11:44:19.612,75014307063,-0.505176544189,9.726444244385,0.22864626348,0
2023-12-17 11:44:19.628,75054710199,-0.159214407206,9.583989143372,0.268150597811,0
2023-12-17 11:44:19.678,75089687358,-0.367509961128,9.439140319824,0.331596940756,0
2023-12-17 11:44:19.696,75130090494,-0.209492653608,9.508571624756,0.137666597962,0
2023-12-17 11:44:19.760,75175582691,-0.48841714859,9.494206428528,-0.050278235227,0
2023-12-17 11:44:19.784,75216017123,-0.213083952665,9.501389503479,0.185550630093,0
2023-12-17 11:44:19.821,75244861174,-0.513556241989,9.673771858215,-0.034715924412,0
2023-12-17 11:44:19.838,75285207506,-0.33877953887,9.612719535828,0.143652096391,0
2023-12-17 11:44:19.896,75337828570,-0.603338837624,9.768342971802,0.507570743561,0
2023-12-17 11:44:19.962,75378362297,-0.543483793736,9.678560256958,0.822408258915,0
2023-12-17 11:44:19.978,75418677377,-0.67755907774,9.452308654785,0.445321530104,0
2023-12-17 11:44:20.034,75459020857,-0.763750314713,9.348160743713,0.287304192781,0
2023-12-17 11:44:20.049,75499422702,-0.661996781826,9.19972038269,0.168791219592,0
2023-12-17 11:44:20.102,75539903412,-0.711077928543,9.386467933655,-0.577002584934,0
2023-12-17 11:44:20.180,75581196501,-0.648828685284,9.436745643616,-0.784101068974,0
2023-12-17 11:44:20.197,75621608674,-0.387860685587,9.454702377319,-0.499191045761,0
2023-12-17 11:44:20.247,75657267691,-0.243011474609,9.388861656189,-0.529118597507,0
2023-12-17 11:44:20.263,75697679864,-0.298078119755,9.386467933655,-0.433350503445,0
2023-12-17 11:44:20.316,75740253198,-0.33877953887,9.331400871277,-0.52552729845,0
2023-12-17 11:44:20.331,75780665371,-0.305260717869,9.245209693909,-0.535104095936,0
2023-12-17 11:44:20.387,75822892243,-0.399831682444,9.291896820068,-0.308852016926,0
2023-12-17 11:44:20.458,75863090319,-0.468066424131,9.340977668762,-0.081402860582,0
2023-12-17 11:44:20.474,75903507656,-0.362721562386,9.240421295166,0.130483999848,0
2023-12-17 11:44:20.530,75943921237,-0.399831682444,9.198522567749,-0.469263523817,0
2023-12-17 11:44:20.550,75984338574,-0.414196908474,9.455899238586,0.003591302549,0
